0.721569,0.164706,0.0588235,0.0117647,0.364706,0.282353,0.0235294,0.0352941,0.211765,0.0588235,0.0705882,0.0588235,0.0470588,0.0117647,0.0235294,0,0.0941176,0.0588235,0.0941176,0.0705882,0.0117647,0.105882,0.141176,0.223529,0.117647,0.0588235,0.0470588,0.0823529,0.0588235,0.0823529,0.105882,0.0941176,0,0.0117647,0,0.0235294,0.105882,0.105882,0.0470588,0,0.0588235,0.0705882,0.0470588,0.0352941,0.0235294,0.0352941,0.0705882,0.0588235,0.0588235,0.0117647,0.0235294,0,0.0117647,0.0352941,0.0117647,0.0117647,0,0,0,0.0470588,0.0470588,0.0352941,0.0117647,0
0.164706,0.0588235,0.0117647,0.364706,0.282353,0.0235294,0.0352941,0.211765,0.0588235,0.0705882,0.0588235,0.0470588,0.0117647,0.0235294,0,0.0941176,0.0588235,0.0941176,0.0705882,0.0117647,0.105882,0.141176,0.223529,0.117647,0.0588235,0.0470588,0.0823529,0.0588235,0.0823529,0.105882,0.0941176,0,0.0117647,0,0.0235294,0.105882,0.105882,0.0470588,0,0.0588235,0.0705882,0.0470588,0.0352941,0.0235294,0.0352941,0.0705882,0.0588235,0.0588235,0.0117647,0.0235294,0,0.0117647,0.0352941,0.0117647,0.0117647,0,0,0,0.0470588,0.0470588,0.0352941,0.0117647,0,0.0117647
0.0588235,0.0117647,0.364706,0.282353,0.0235294,0.0352941,0.211765,0.0588235,0.0705882,0.0588235,0.0470588,0.0117647,0.0235294,0,0.0941176,0.0588235,0.0941176,0.0705882,0.0117647,0.105882,0.141176,0.223529,0.117647,0.0588235,0.0470588,0.0823529,0.0588235,0.0823529,0.105882,0.0941176,0,0.0117647,0,0.0235294,0.105882,0.105882,0.0470588,0,0.0588235,0.0705882,0.0470588,0.0352941,0.0235294,0.0352941,0.0705882,0.0588235,0.0588235,0.0117647,0.0235294,0,0.0117647,0.0352941,0.0117647,0.0117647,0,0,0,0.0470588,0.0470588,0.0352941,0.0117647,0,0.0117647,0.0352941
0.0117647,0.364706,0.282353,0.0235294,0.0352941,0.211765,0.0588235,0.0705882,0.0588235,0.0470588,0.0117647,0.0235294,0,0.0941176,0.0588235,0.0941176,0.0705882,0.0117647,0.105882,0.141176,0.223529,0.117647,0.0588235,0.0470588,0.0823529,0.0588235,0.0823529,0.105882,0.0941176,0,0.0117647,0,0.0235294,0.105882,0.105882,0.0470588,0,0.0588235,0.0705882,0.0470588,0.0352941,0.0235294,0.0352941,0.0705882,0.0588235,0.0588235,0.0117647,0.0235294,0,0.0117647,0.0352941,0.0117647,0.0117647,0,0,0,0.0470588,0.0470588,0.0352941,0.0117647,0,0.0117647,0.0352941,0.0588235
0.364706,0.282353,0.0235294,0.0352941,0.211765,0.0588235,0.0705882,0.0588235,0.0470588,0.0117647,0.0235294,0,0.0941176,0.0588235,0.0941176,0.0705882,0.0117647,0.105882,0.141176,0.223529,0.117647,0.0588235,0.0470588,0.0823529,0.0588235,0.0823529,0.105882,0.0941176,0,0.0117647,0,0.0235294,0.105882,0.105882,0.0470588,0,0.0588235,0.0705882,0.0470588,0.0352941,0.0235294,0.0352941,0.0705882,0.0588235,0.0588235,0.0117647,0.0235294,0,0.0117647,0.0352941,0.0117647,0.0117647,0,0,0,0.0470588,0.0470588,0.0352941,0.0117647,0,0.0117647,0.0352941,0.0588235,0.0705882
0.282353,0.0235294,0.0352941,0.211765,0.0588235,0.0705882,0.0588235,0.0470588,0.0117647,0.0235294,0,0.0941176,0.0588235,0.0941176,0.0705882,0.0117647,0.105882,0.141176,0.223529,0.117647,0.0588235,0.0470588,0.0823529,0.0588235,0.0823529,0.105882,0.0941176,0,0.0117647,0,0.0235294,0.105882,0.105882,0.0470588,0,0.0588235,0.0705882,0.0470588,0.0352941,0.0235294,0.0352941,0.0705882,0.0588235,0.0588235,0.0117647,0.0235294,0,0.0117647,0.0352941,0.0117647,0.0117647,0,0,0,0.0470588,0.0470588,0.0352941,0.0117647,0,0.0117647,0.0352941,0.0588235,0.0705882,0.0235294
0.0235294,0.0352941,0.211765,0.0588235,0.0705882,0.0588235,0.0470588,0.0117647,0.0235294,0,0.0941176,0.0588235,0.0941176,0.0705882,0.0117647,0.105882,0.141176,0.223529,0.117647,0.0588235,0.0470588,0.0823529,0.0588235,0.0823529,0.105882,0.0941176,0,0.0117647,0,0.0235294,0.105882,0.105882,0.0470588,0,0.0588235,0.0705882,0.0470588,0.0352941,0.0235294,0.0352941,0.0705882,0.0588235,0.0588235,0.0117647,0.0235294,0,0.0117647,0.0352941,0.0117647,0.0117647,0,0,0,0.0470588,0.0470588,0.0352941,0.0117647,0,0.0117647,0.0352941,0.0588235,0.0705882,0.0235294,0.0352941
0.0352941,0.211765,0.0588235,0.0705882,0.0588235,0.0470588,0.0117647,0.0235294,0,0.0941176,0.0588235,0.0941176,0.0705882,0.0117647,0.105882,0.141176,0.223529,0.117647,0.0588235,0.0470588,0.0823529,0.0588235,0.0823529,0.105882,0.0941176,0,0.0117647,0,0.0235294,0.105882,0.105882,0.0470588,0,0.0588235,0.0705882,0.0470588,0.0352941,0.0235294,0.0352941,0.0705882,0.0588235,0.0588235,0.0117647,0.0235294,0,0.0117647,0.0352941,0.0117647,0.0117647,0,0,0,0.0470588,0.0470588,0.0352941,0.0117647,0,0.0117647,0.0352941,0.0588235,0.0705882,0.0235294,0.0352941,0
0.211765,0.0588235,0.0705882,0.0588235,0.0470588,0.0117647,0.0235294,0,0.0941176,0.0588235,0.0941176,0.0705882,0.0117647,0.105882,0.141176,0.223529,0.117647,0.0588235,0.0470588,0.0823529,0.0588235,0.0823529,0.105882,0.0941176,0,0.0117647,0,0.0235294,0.105882,0.105882,0.0470588,0,0.0588235,0.0705882,0.0470588,0.0352941,0.0235294,0.0352941,0.0705882,0.0588235,0.0588235,0.0117647,0.0235294,0,0.0117647,0.0352941,0.0117647,0.0117647,0,0,0,0.0470588,0.0470588,0.0352941,0.0117647,0,0.0117647,0.0352941,0.0588235,0.0705882,0.0235294,0.0352941,0,0
0.0588235,0.0705882,0.0588235,0.0470588,0.0117647,0.0235294,0,0.0941176,0.0588235,0.0941176,0.0705882,0.0117647,0.105882,0.141176,0.223529,0.117647,0.0588235,0.0470588,0.0823529,0.0588235,0.0823529,0.105882,0.0941176,0,0.0117647,0,0.0235294,0.105882,0.105882,0.0470588,0,0.0588235,0.0705882,0.0470588,0.0352941,0.0235294,0.0352941,0.0705882,0.0588235,0.0588235,0.0117647,0.0235294,0,0.0117647,0.0352941,0.0117647,0.0117647,0,0,0,0.0470588,0.0470588,0.0352941,0.0117647,0,0.0117647,0.0352941,0.0588235,0.0705882,0.0235294,0.0352941,0,0,0.0352941
0.0705882,0.0588235,0.0470588,0.0117647,0.0235294,0,0.0941176,0.0588235,0.0941176,0.0705882,0.0117647,0.105882,0.141176,0.223529,0.117647,0.0588235,0.0470588,0.0823529,0.0588235,0.0823529,0.105882,0.0941176,0,0.0117647,0,0.0235294,0.105882,0.105882,0.0470588,0,0.0588235,0.0705882,0.0470588,0.0352941,0.0235294,0.0352941,0.0705882,0.0588235,0.0588235,0.0117647,0.0235294,0,0.0117647,0.0352941,0.0117647,0.0117647,0,0,0,0.0470588,0.0470588,0.0352941,0.0117647,0,0.0117647,0.0352941,0.0588235,0.0705882,0.0235294,0.0352941,0,0,0.0352941,0
0.0588235,0.0470588,0.0117647,0.0235294,0,0.0941176,0.0588235,0.0941176,0.0705882,0.0117647,0.105882,0.141176,0.223529,0.117647,0.0588235,0.0470588,0.0823529,0.0588235,0.0823529,0.105882,0.0941176,0,0.0117647,0,0.0235294,0.105882,0.105882,0.0470588,0,0.0588235,0.0705882,0.0470588,0.0352941,0.0235294,0.0352941,0.0705882,0.0588235,0.0588235,0.0117647,0.0235294,0,0.0117647,0.0352941,0.0117647,0.0117647,0,0,0,0.0470588,0.0470588,0.0352941,0.0117647,0,0.0117647,0.0352941,0.0588235,0.0705882,0.0235294,0.0352941,0,0,0.0352941,0,0
0.0470588,0.0117647,0.0235294,0,0.0941176,0.0588235,0.0941176,0.0705882,0.0117647,0.105882,0.141176,0.223529,0.117647,0.0588235,0.0470588,0.0823529,0.0588235,0.0823529,0.105882,0.0941176,0,0.0117647,0,0.0235294,0.105882,0.105882,0.0470588,0,0.0588235,0.0705882,0.0470588,0.0352941,0.0235294,0.0352941,0.0705882,0.0588235,0.0588235,0.0117647,0.0235294,0,0.0117647,0.0352941,0.0117647,0.0117647,0,0,0,0.0470588,0.0470588,0.0352941,0.0117647,0,0.0117647,0.0352941,0.0588235,0.0705882,0.0235294,0.0352941,0,0,0.0352941,0,0,0.0352941
0.0117647,0.0235294,0,0.0941176,0.0588235,0.0941176,0.0705882,0.0117647,0.105882,0.141176,0.223529,0.117647,0.0588235,0.0470588,0.0823529,0.0588235,0.0823529,0.105882,0.0941176,0,0.0117647,0,0.0235294,0.105882,0.105882,0.0470588,0,0.0588235,0.0705882,0.0470588,0.0352941,0.0235294,0.0352941,0.0705882,0.0588235,0.0588235,0.0117647,0.0235294,0,0.0117647,0.0352941,0.0117647,0.0117647,0,0,0,0.0470588,0.0470588,0.0352941,0.0117647,0,0.0117647,0.0352941,0.0588235,0.0705882,0.0235294,0.0352941,0,0,0.0352941,0,0,0.0352941,0.0823529
0.0235294,0,0.0941176,0.0588235,0.0941176,0.0705882,0.0117647,0.105882,0.141176,0.223529,0.117647,0.0588235,0.0470588,0.0823529,0.0588235,0.0823529,0.105882,0.0941176,0,0.0117647,0,0.0235294,0.105882,0.105882,0.0470588,0,0.0588235,0.0705882,0.0470588,0.0352941,0.0235294,0.0352941,0.0705882,0.0588235,0.0588235,0.0117647,0.0235294,0,0.0117647,0.0352941,0.0117647,0.0117647,0,0,0,0.0470588,0.0470588,0.0352941,0.0117647,0,0.0117647,0.0352941,0.0588235,0.0705882,0.0235294,0.0352941,0,0,0.0352941,0,0,0.0352941,0.0823529,0.0705882
0,0.0941176,0.0588235,0.0941176,0.0705882,0.0117647,0.105882,0.141176,0.223529,0.117647,0.0588235,0.0470588,0.0823529,0.0588235,0.0823529,0.105882,0.0941176,0,0.0117647,0,0.0235294,0.105882,0.105882,0.0470588,0,0.0588235,0.0705882,0.0470588,0.0352941,0.0235294,0.0352941,0.0705882,0.0588235,0.0588235,0.0117647,0.0235294,0,0.0117647,0.0352941,0.0117647,0.0117647,0,0,0,0.0470588,0.0470588,0.0352941,0.0117647,0,0.0117647,0.0352941,0.0588235,0.0705882,0.0235294,0.0352941,0,0,0.0352941,0,0,0.0352941,0.0823529,0.0705882,0.0117647
0.0941176,0.0588235,0.0941176,0.0705882,0.0117647,0.105882,0.141176,0.223529,0.117647,0.0588235,0.0470588,0.0823529,0.0588235,0.0823529,0.105882,0.0941176,0,0.0117647,0,0.0235294,0.105882,0.105882,0.0470588,0,0.0588235,0.0705882,0.0470588,0.0352941,0.0235294,0.0352941,0.0705882,0.0588235,0.0588235,0.0117647,0.0235294,0,0.0117647,0.0352941,0.0117647,0.0117647,0,0,0,0.0470588,0.0470588,0.0352941,0.0117647,0,0.0117647,0.0352941,0.0588235,0.0705882,0.0235294,0.0352941,0,0,0.0352941,0,0,0.0352941,0.0823529,0.0705882,0.0117647,0.0352941
0.0588235,0.0941176,0.0705882,0.0117647,0.105882,0.141176,0.223529,0.117647,0.0588235,0.0470588,0.0823529,0.0588235,0.0823529,0.105882,0.0941176,0,0.0117647,0,0.0235294,0.105882,0.105882,0.0470588,0,0.0588235,0.0705882,0.0470588,0.0352941,0.0235294,0.0352941,0.0705882,0.0588235,0.0588235,0.0117647,0.0235294,0,0.0117647,0.0352941,0.0117647,0.0117647,0,0,0,0.0470588,0.0470588,0.0352941,0.0117647,0,0.0117647,0.0352941,0.0588235,0.0705882,0.0235294,0.0352941,0,0,0.0352941,0,0,0.0352941,0.0823529,0.0705882,0.0117647,0.0352941,0
0.0941176,0.0705882,0.0117647,0.105882,0.141176,0.223529,0.117647,0.0588235,0.0470588,0.0823529,0.0588235,0.0823529,0.105882,0.0941176,0,0.0117647,0,0.0235294,0.105882,0.105882,0.0470588,0,0.0588235,0.0705882,0.0470588,0.0352941,0.0235294,0.0352941,0.0705882,0.0588235,0.0588235,0.0117647,0.0235294,0,0.0117647,0.0352941,0.0117647,0.0117647,0,0,0,0.0470588,0.0470588,0.0352941,0.0117647,0,0.0117647,0.0352941,0.0588235,0.0705882,0.0235294,0.0352941,0,0,0.0352941,0,0,0.0352941,0.0823529,0.0705882,0.0117647,0.0352941,0,0
0.0705882,0.0117647,0.105882,0.141176,0.223529,0.117647,0.0588235,0.0470588,0.0823529,0.0588235,0.0823529,0.105882,0.0941176,0,0.0117647,0,0.0235294,0.105882,0.105882,0.0470588,0,0.0588235,0.0705882,0.0470588,0.0352941,0.0235294,0.0352941,0.0705882,0.0588235,0.0588235,0.0117647,0.0235294,0,0.0117647,0.0352941,0.0117647,0.0117647,0,0,0,0.0470588,0.0470588,0.0352941,0.0117647,0,0.0117647,0.0352941,0.0588235,0.0705882,0.0235294,0.0352941,0,0,0.0352941,0,0,0.0352941,0.0823529,0.0705882,0.0117647,0.0352941,0,0,0.0352941
0.0117647,0.105882,0.141176,0.223529,0.117647,0.0588235,0.0470588,0.0823529,0.0588235,0.0823529,0.105882,0.0941176,0,0.0117647,0,0.0235294,0.105882,0.105882,0.0470588,0,0.0588235,0.0705882,0.0470588,0.0352941,0.0235294,0.0352941,0.0705882,0.0588235,0.0588235,0.0117647,0.0235294,0,0.0117647,0.0352941,0.0117647,0.0117647,0,0,0,0.0470588,0.0470588,0.0352941,0.0117647,0,0.0117647,0.0352941,0.0588235,0.0705882,0.0235294,0.0352941,0,0,0.0352941,0,0,0.0352941,0.0823529,0.0705882,0.0117647,0.0352941,0,0,0.0352941,0.0470588
0.105882,0.141176,0.223529,0.117647,0.0588235,0.0470588,0.0823529,0.0588235,0.0823529,0.105882,0.0941176,0,0.0117647,0,0.0235294,0.105882,0.105882,0.0470588,0,0.0588235,0.0705882,0.0470588,0.0352941,0.0235294,0.0352941,0.0705882,0.0588235,0.0588235,0.0117647,0.0235294,0,0.0117647,0.0352941,0.0117647,0.0117647,0,0,0,0.0470588,0.0470588,0.0352941,0.0117647,0,0.0117647,0.0352941,0.0588235,0.0705882,0.0235294,0.0352941,0,0,0.0352941,0,0,0.0352941,0.0823529,0.0705882,0.0117647,0.0352941,0,0,0.0352941,0.0470588,0.0235294
0.141176,0.223529,0.117647,0.0588235,0.0470588,0.0823529,0.0588235,0.0823529,0.105882,0.0941176,0,0.0117647,0,0.0235294,0.105882,0.105882,0.0470588,0,0.0588235,0.0705882,0.0470588,0.0352941,0.0235294,0.0352941,0.0705882,0.0588235,0.0588235,0.0117647,0.0235294,0,0.0117647,0.0352941,0.0117647,0.0117647,0,0,0,0.0470588,0.0470588,0.0352941,0.0117647,0,0.0117647,0.0352941,0.0588235,0.0705882,0.0235294,0.0352941,0,0,0.0352941,0,0,0.0352941,0.0823529,0.0705882,0.0117647,0.0352941,0,0,0.0352941,0.0470588,0.0235294,0.0117647
0.223529,0.117647,0.0588235,0.0470588,0.0823529,0.0588235,0.0823529,0.105882,0.0941176,0,0.0117647,0,0.0235294,0.105882,0.105882,0.0470588,0,0.0588235,0.0705882,0.0470588,0.0352941,0.0235294,0.0352941,0.0705882,0.0588235,0.0588235,0.0117647,0.0235294,0,0.0117647,0.0352941,0.0117647,0.0117647,0,0,0,0.0470588,0.0470588,0.0352941,0.0117647,0,0.0117647,0.0352941,0.0588235,0.0705882,0.0235294,0.0352941,0,0,0.0352941,0,0,0.0352941,0.0823529,0.0705882,0.0117647,0.0352941,0,0,0.0352941,0.0470588,0.0235294,0.0117647,0.0117647
0.117647,0.0588235,0.0470588,0.0823529,0.0588235,0.0823529,0.105882,0.0941176,0,0.0117647,0,0.0235294,0.105882,0.105882,0.0470588,0,0.0588235,0.0705882,0.0470588,0.0352941,0.0235294,0.0352941,0.0705882,0.0588235,0.0588235,0.0117647,0.0235294,0,0.0117647,0.0352941,0.0117647,0.0117647,0,0,0,0.0470588,0.0470588,0.0352941,0.0117647,0,0.0117647,0.0352941,0.0588235,0.0705882,0.0235294,0.0352941,0,0,0.0352941,0,0,0.0352941,0.0823529,0.0705882,0.0117647,0.0352941,0,0,0.0352941,0.0470588,0.0235294,0.0117647,0.0117647,0.0352941
0.0588235,0.0470588,0.0823529,0.0588235,0.0823529,0.105882,0.0941176,0,0.0117647,0,0.0235294,0.105882,0.105882,0.0470588,0,0.0588235,0.0705882,0.0470588,0.0352941,0.0235294,0.0352941,0.0705882,0.0588235,0.0588235,0.0117647,0.0235294,0,0.0117647,0.0352941,0.0117647,0.0117647,0,0,0,0.0470588,0.0470588,0.0352941,0.0117647,0,0.0117647,0.0352941,0.0588235,0.0705882,0.0235294,0.0352941,0,0,0.0352941,0,0,0.0352941,0.0823529,0.0705882,0.0117647,0.0352941,0,0,0.0352941,0.0470588,0.0235294,0.0117647,0.0117647,0.0352941,0.0352941
0.0470588,0.0823529,0.0588235,0.0823529,0.105882,0.0941176,0,0.0117647,0,0.0235294,0.105882,0.105882,0.0470588,0,0.0588235,0.0705882,0.0470588,0.0352941,0.0235294,0.0352941,0.0705882,0.0588235,0.0588235,0.0117647,0.0235294,0,0.0117647,0.0352941,0.0117647,0.0117647,0,0,0,0.0470588,0.0470588,0.0352941,0.0117647,0,0.0117647,0.0352941,0.0588235,0.0705882,0.0235294,0.0352941,0,0,0.0352941,0,0,0.0352941,0.0823529,0.0705882,0.0117647,0.0352941,0,0,0.0352941,0.0470588,0.0235294,0.0117647,0.0117647,0.0352941,0.0352941,0.0470588
0.0823529,0.0588235,0.0823529,0.105882,0.0941176,0,0.0117647,0,0.0235294,0.105882,0.105882,0.0470588,0,0.0588235,0.0705882,0.0470588,0.0352941,0.0235294,0.0352941,0.0705882,0.0588235,0.0588235,0.0117647,0.0235294,0,0.0117647,0.0352941,0.0117647,0.0117647,0,0,0,0.0470588,0.0470588,0.0352941,0.0117647,0,0.0117647,0.0352941,0.0588235,0.0705882,0.0235294,0.0352941,0,0,0.0352941,0,0,0.0352941,0.0823529,0.0705882,0.0117647,0.0352941,0,0,0.0352941,0.0470588,0.0235294,0.0117647,0.0117647,0.0352941,0.0352941,0.0470588,0.0705882
0.0588235,0.0823529,0.105882,0.0941176,0,0.0117647,0,0.0235294,0.105882,0.105882,0.0470588,0,0.0588235,0.0705882,0.0470588,0.0352941,0.0235294,0.0352941,0.0705882,0.0588235,0.0588235,0.0117647,0.0235294,0,0.0117647,0.0352941,0.0117647,0.0117647,0,0,0,0.0470588,0.0470588,0.0352941,0.0117647,0,0.0117647,0.0352941,0.0588235,0.0705882,0.0235294,0.0352941,0,0,0.0352941,0,0,0.0352941,0.0823529,0.0705882,0.0117647,0.0352941,0,0,0.0352941,0.0470588,0.0235294,0.0117647,0.0117647,0.0352941,0.0352941,0.0470588,0.0705882,0.0235294
0.0823529,0.105882,0.0941176,0,0.0117647,0,0.0235294,0.105882,0.105882,0.0470588,0,0.0588235,0.0705882,0.0470588,0.0352941,0.0235294,0.0352941,0.0705882,0.0588235,0.0588235,0.0117647,0.0235294,0,0.0117647,0.0352941,0.0117647,0.0117647,0,0,0,0.0470588,0.0470588,0.0352941,0.0117647,0,0.0117647,0.0352941,0.0588235,0.0705882,0.0235294,0.0352941,0,0,0.0352941,0,0,0.0352941,0.0823529,0.0705882,0.0117647,0.0352941,0,0,0.0352941,0.0470588,0.0235294,0.0117647,0.0117647,0.0352941,0.0352941,0.0470588,0.0705882,0.0235294,0.0117647
0.105882,0.0941176,0,0.0117647,0,0.0235294,0.105882,0.105882,0.0470588,0,0.0588235,0.0705882,0.0470588,0.0352941,0.0235294,0.0352941,0.0705882,0.0588235,0.0588235,0.0117647,0.0235294,0,0.0117647,0.0352941,0.0117647,0.0117647,0,0,0,0.0470588,0.0470588,0.0352941,0.0117647,0,0.0117647,0.0352941,0.0588235,0.0705882,0.0235294,0.0352941,0,0,0.0352941,0,0,0.0352941,0.0823529,0.0705882,0.0117647,0.0352941,0,0,0.0352941,0.0470588,0.0235294,0.0117647,0.0117647,0.0352941,0.0352941,0.0470588,0.0705882,0.0235294,0.0117647,0.0352941
0.0941176,0,0.0117647,0,0.0235294,0.105882,0.105882,0.0470588,0,0.0588235,0.0705882,0.0470588,0.0352941,0.0235294,0.0352941,0.0705882,0.0588235,0.0588235,0.0117647,0.0235294,0,0.0117647,0.0352941,0.0117647,0.0117647,0,0,0,0.0470588,0.0470588,0.0352941,0.0117647,0,0.0117647,0.0352941,0.0588235,0.0705882,0.0235294,0.0352941,0,0,0.0352941,0,0,0.0352941,0.0823529,0.0705882,0.0117647,0.0352941,0,0,0.0352941,0.0470588,0.0235294,0.0117647,0.0117647,0.0352941,0.0352941,0.0470588,0.0705882,0.0235294,0.0117647,0.0352941,0.0235294
0,0.0117647,0,0.0235294,0.105882,0.105882,0.0470588,0,0.0588235,0.0705882,0.0470588,0.0352941,0.0235294,0.0352941,0.0705882,0.0588235,0.0588235,0.0117647,0.0235294,0,0.0117647,0.0352941,0.0117647,0.0117647,0,0,0,0.0470588,0.0470588,0.0352941,0.0117647,0,0.0117647,0.0352941,0.0588235,0.0705882,0.0235294,0.0352941,0,0,0.0352941,0,0,0.0352941,0.0823529,0.0705882,0.0117647,0.0352941,0,0,0.0352941,0.0470588,0.0235294,0.0117647,0.0117647,0.0352941,0.0352941,0.0470588,0.0705882,0.0235294,0.0117647,0.0352941,0.0235294,0.0235294
0.0117647,0,0.0235294,0.105882,0.105882,0.0470588,0,0.0588235,0.0705882,0.0470588,0.0352941,0.0235294,0.0352941,0.0705882,0.0588235,0.0588235,0.0117647,0.0235294,0,0.0117647,0.0352941,0.0117647,0.0117647,0,0,0,0.0470588,0.0470588,0.0352941,0.0117647,0,0.0117647,0.0352941,0.0588235,0.0705882,0.0235294,0.0352941,0,0,0.0352941,0,0,0.0352941,0.0823529,0.0705882,0.0117647,0.0352941,0,0,0.0352941,0.0470588,0.0235294,0.0117647,0.0117647,0.0352941,0.0352941,0.0470588,0.0705882,0.0235294,0.0117647,0.0352941,0.0235294,0.0235294,0
0,0.0235294,0.105882,0.105882,0.0470588,0,0.0588235,0.0705882,0.0470588,0.0352941,0.0235294,0.0352941,0.0705882,0.0588235,0.0588235,0.0117647,0.0235294,0,0.0117647,0.0352941,0.0117647,0.0117647,0,0,0,0.0470588,0.0470588,0.0352941,0.0117647,0,0.0117647,0.0352941,0.0588235,0.0705882,0.0235294,0.0352941,0,0,0.0352941,0,0,0.0352941,0.0823529,0.0705882,0.0117647,0.0352941,0,0,0.0352941,0.0470588,0.0235294,0.0117647,0.0117647,0.0352941,0.0352941,0.0470588,0.0705882,0.0235294,0.0117647,0.0352941,0.0235294,0.0235294,0,0.0235294
0.0235294,0.105882,0.105882,0.0470588,0,0.0588235,0.0705882,0.0470588,0.0352941,0.0235294,0.0352941,0.0705882,0.0588235,0.0588235,0.0117647,0.0235294,0,0.0117647,0.0352941,0.0117647,0.0117647,0,0,0,0.0470588,0.0470588,0.0352941,0.0117647,0,0.0117647,0.0352941,0.0588235,0.0705882,0.0235294,0.0352941,0,0,0.0352941,0,0,0.0352941,0.0823529,0.0705882,0.0117647,0.0352941,0,0,0.0352941,0.0470588,0.0235294,0.0117647,0.0117647,0.0352941,0.0352941,0.0470588,0.0705882,0.0235294,0.0117647,0.0352941,0.0235294,0.0235294,0,0.0235294,0.0117647
0.105882,0.105882,0.0470588,0,0.0588235,0.0705882,0.0470588,0.0352941,0.0235294,0.0352941,0.0705882,0.0588235,0.0588235,0.0117647,0.0235294,0,0.0117647,0.0352941,0.0117647,0.0117647,0,0,0,0.0470588,0.0470588,0.0352941,0.0117647,0,0.0117647,0.0352941,0.0588235,0.0705882,0.0235294,0.0352941,0,0,0.0352941,0,0,0.0352941,0.0823529,0.0705882,0.0117647,0.0352941,0,0,0.0352941,0.0470588,0.0235294,0.0117647,0.0117647,0.0352941,0.0352941,0.0470588,0.0705882,0.0235294,0.0117647,0.0352941,0.0235294,0.0235294,0,0.0235294,0.0117647,0
0.105882,0.0470588,0,0.0588235,0.0705882,0.0470588,0.0352941,0.0235294,0.0352941,0.0705882,0.0588235,0.0588235,0.0117647,0.0235294,0,0.0117647,0.0352941,0.0117647,0.0117647,0,0,0,0.0470588,0.0470588,0.0352941,0.0117647,0,0.0117647,0.0352941,0.0588235,0.0705882,0.0235294,0.0352941,0,0,0.0352941,0,0,0.0352941,0.0823529,0.0705882,0.0117647,0.0352941,0,0,0.0352941,0.0470588,0.0235294,0.0117647,0.0117647,0.0352941,0.0352941,0.0470588,0.0705882,0.0235294,0.0117647,0.0352941,0.0235294,0.0235294,0,0.0235294,0.0117647,0,0.0235294
0.0470588,0,0.0588235,0.0705882,0.0470588,0.0352941,0.0235294,0.0352941,0.0705882,0.0588235,0.0588235,0.0117647,0.0235294,0,0.0117647,0.0352941,0.0117647,0.0117647,0,0,0,0.0470588,0.0470588,0.0352941,0.0117647,0,0.0117647,0.0352941,0.0588235,0.0705882,0.0235294,0.0352941,0,0,0.0352941,0,0,0.0352941,0.0823529,0.0705882,0.0117647,0.0352941,0,0,0.0352941,0.0470588,0.0235294,0.0117647,0.0117647,0.0352941,0.0352941,0.0470588,0.0705882,0.0235294,0.0117647,0.0352941,0.0235294,0.0235294,0,0.0235294,0.0117647,0,0.0235294,0.0117647
0,0.0588235,0.0705882,0.0470588,0.0352941,0.0235294,0.0352941,0.0705882,0.0588235,0.0588235,0.0117647,0.0235294,0,0.0117647,0.0352941,0.0117647,0.0117647,0,0,0,0.0470588,0.0470588,0.0352941,0.0117647,0,0.0117647,0.0352941,0.0588235,0.0705882,0.0235294,0.0352941,0,0,0.0352941,0,0,0.0352941,0.0823529,0.0705882,0.0117647,0.0352941,0,0,0.0352941,0.0470588,0.0235294,0.0117647,0.0117647,0.0352941,0.0352941,0.0470588,0.0705882,0.0235294,0.0117647,0.0352941,0.0235294,0.0235294,0,0.0235294,0.0117647,0,0.0235294,0.0117647,0.0117647
0.0588235,0.0705882,0.0470588,0.0352941,0.0235294,0.0352941,0.0705882,0.0588235,0.0588235,0.0117647,0.0235294,0,0.0117647,0.0352941,0.0117647,0.0117647,0,0,0,0.0470588,0.0470588,0.0352941,0.0117647,0,0.0117647,0.0352941,0.0588235,0.0705882,0.0235294,0.0352941,0,0,0.0352941,0,0,0.0352941,0.0823529,0.0705882,0.0117647,0.0352941,0,0,0.0352941,0.0470588,0.0235294,0.0117647,0.0117647,0.0352941,0.0352941,0.0470588,0.0705882,0.0235294,0.0117647,0.0352941,0.0235294,0.0235294,0,0.0235294,0.0117647,0,0.0235294,0.0117647,0.0117647,0.0352941
0.0705882,0.0470588,0.0352941,0.0235294,0.0352941,0.0705882,0.0588235,0.0588235,0.0117647,0.0235294,0,0.0117647,0.0352941,0.0117647,0.0117647,0,0,0,0.0470588,0.0470588,0.0352941,0.0117647,0,0.0117647,0.0352941,0.0588235,0.0705882,0.0235294,0.0352941,0,0,0.0352941,0,0,0.0352941,0.0823529,0.0705882,0.0117647,0.0352941,0,0,0.0352941,0.0470588,0.0235294,0.0117647,0.0117647,0.0352941,0.0352941,0.0470588,0.0705882,0.0235294,0.0117647,0.0352941,0.0235294,0.0235294,0,0.0235294,0.0117647,0,0.0235294,0.0117647,0.0117647,0.0352941,0.0470588
0.0470588,0.0352941,0.0235294,0.0352941,0.0705882,0.0588235,0.0588235,0.0117647,0.0235294,0,0.0117647,0.0352941,0.0117647,0.0117647,0,0,0,0.0470588,0.0470588,0.0352941,0.0117647,0,0.0117647,0.0352941,0.0588235,0.0705882,0.0235294,0.0352941,0,0,0.0352941,0,0,0.0352941,0.0823529,0.0705882,0.0117647,0.0352941,0,0,0.0352941,0.0470588,0.0235294,0.0117647,0.0117647,0.0352941,0.0352941,0.0470588,0.0705882,0.0235294,0.0117647,0.0352941,0.0235294,0.0235294,0,0.0235294,0.0117647,0,0.0235294,0.0117647,0.0117647,0.0352941,0.0470588,0.0235294
0.0352941,0.0235294,0.0352941,0.0705882,0.0588235,0.0588235,0.0117647,0.0235294,0,0.0117647,0.0352941,0.0117647,0.0117647,0,0,0,0.0470588,0.0470588,0.0352941,0.0117647,0,0.0117647,0.0352941,0.0588235,0.0705882,0.0235294,0.0352941,0,0,0.0352941,0,0,0.0352941,0.0823529,0.0705882,0.0117647,0.0352941,0,0,0.0352941,0.0470588,0.0235294,0.0117647,0.0117647,0.0352941,0.0352941,0.0470588,0.0705882,0.0235294,0.0117647,0.0352941,0.0235294,0.0235294,0,0.0235294,0.0117647,0,0.0235294,0.0117647,0.0117647,0.0352941,0.0470588,0.0235294,0.0117647
0.0235294,0.0352941,0.0705882,0.0588235,0.0588235,0.0117647,0.0235294,0,0.0117647,0.0352941,0.0117647,0.0117647,0,0,0,0.0470588,0.0470588,0.0352941,0.0117647,0,0.0117647,0.0352941,0.0588235,0.0705882,0.0235294,0.0352941,0,0,0.0352941,0,0,0.0352941,0.0823529,0.0705882,0.0117647,0.0352941,0,0,0.0352941,0.0470588,0.0235294,0.0117647,0.0117647,0.0352941,0.0352941,0.0470588,0.0705882,0.0235294,0.0117647,0.0352941,0.0235294,0.0235294,0,0.0235294,0.0117647,0,0.0235294,0.0117647,0.0117647,0.0352941,0.0470588,0.0235294,0.0117647,0.0117647
0.0352941,0.0705882,0.0588235,0.0588235,0.0117647,0.0235294,0,0.0117647,0.0352941,0.0117647,0.0117647,0,0,0,0.0470588,0.0470588,0.0352941,0.0117647,0,0.0117647,0.0352941,0.0588235,0.0705882,0.0235294,0.0352941,0,0,0.0352941,0,0,0.0352941,0.0823529,0.0705882,0.0117647,0.0352941,0,0,0.0352941,0.0470588,0.0235294,0.0117647,0.0117647,0.0352941,0.0352941,0.0470588,0.0705882,0.0235294,0.0117647,0.0352941,0.0235294,0.0235294,0,0.0235294,0.0117647,0,0.0235294,0.0117647,0.0117647,0.0352941,0.0470588,0.0235294,0.0117647,0.0117647,0.0117647
0.0705882,0.0588235,0.0588235,0.0117647,0.0235294,0,0.0117647,0.0352941,0.0117647,0.0117647,0,0,0,0.0470588,0.0470588,0.0352941,0.0117647,0,0.0117647,0.0352941,0.0588235,0.0705882,0.0235294,0.0352941,0,0,0.0352941,0,0,0.0352941,0.0823529,0.0705882,0.0117647,0.0352941,0,0,0.0352941,0.0470588,0.0235294,0.0117647,0.0117647,0.0352941,0.0352941,0.0470588,0.0705882,0.0235294,0.0117647,0.0352941,0.0235294,0.0235294,0,0.0235294,0.0117647,0,0.0235294,0.0117647,0.0117647,0.0352941,0.0470588,0.0235294,0.0117647,0.0117647,0.0117647,0.0235294
0.0588235,0.0588235,0.0117647,0.0235294,0,0.0117647,0.0352941,0.0117647,0.0117647,0,0,0,0.0470588,0.0470588,0.0352941,0.0117647,0,0.0117647,0.0352941,0.0588235,0.0705882,0.0235294,0.0352941,0,0,0.0352941,0,0,0.0352941,0.0823529,0.0705882,0.0117647,0.0352941,0,0,0.0352941,0.0470588,0.0235294,0.0117647,0.0117647,0.0352941,0.0352941,0.0470588,0.0705882,0.0235294,0.0117647,0.0352941,0.0235294,0.0235294,0,0.0235294,0.0117647,0,0.0235294,0.0117647,0.0117647,0.0352941,0.0470588,0.0235294,0.0117647,0.0117647,0.0117647,0.0235294,0.0117647
0.0588235,0.0117647,0.0235294,0,0.0117647,0.0352941,0.0117647,0.0117647,0,0,0,0.0470588,0.0470588,0.0352941,0.0117647,0,0.0117647,0.0352941,0.0588235,0.0705882,0.0235294,0.0352941,0,0,0.0352941,0,0,0.0352941,0.0823529,0.0705882,0.0117647,0.0352941,0,0,0.0352941,0.0470588,0.0235294,0.0117647,0.0117647,0.0352941,0.0352941,0.0470588,0.0705882,0.0235294,0.0117647,0.0352941,0.0235294,0.0235294,0,0.0235294,0.0117647,0,0.0235294,0.0117647,0.0117647,0.0352941,0.0470588,0.0235294,0.0117647,0.0117647,0.0117647,0.0235294,0.0117647,0.0235294
0.0117647,0.0235294,0,0.0117647,0.0352941,0.0117647,0.0117647,0,0,0,0.0470588,0.0470588,0.0352941,0.0117647,0,0.0117647,0.0352941,0.0588235,0.0705882,0.0235294,0.0352941,0,0,0.0352941,0,0,0.0352941,0.0823529,0.0705882,0.0117647,0.0352941,0,0,0.0352941,0.0470588,0.0235294,0.0117647,0.0117647,0.0352941,0.0352941,0.0470588,0.0705882,0.0235294,0.0117647,0.0352941,0.0235294,0.0235294,0,0.0235294,0.0117647,0,0.0235294,0.0117647,0.0117647,0.0352941,0.0470588,0.0235294,0.0117647,0.0117647,0.0117647,0.0235294,0.0117647,0.0235294,0.0235294
0.0235294,0,0.0117647,0.0352941,0.0117647,0.0117647,0,0,0,0.0470588,0.0470588,0.0352941,0.0117647,0,0.0117647,0.0352941,0.0588235,0.0705882,0.0235294,0.0352941,0,0,0.0352941,0,0,0.0352941,0.0823529,0.0705882,0.0117647,0.0352941,0,0,0.0352941,0.0470588,0.0235294,0.0117647,0.0117647,0.0352941,0.0352941,0.0470588,0.0705882,0.0235294,0.0117647,0.0352941,0.0235294,0.0235294,0,0.0235294,0.0117647,0,0.0235294,0.0117647,0.0117647,0.0352941,0.0470588,0.0235294,0.0117647,0.0117647,0.0117647,0.0235294,0.0117647,0.0235294,0.0235294,0.0235294
0,0.0117647,0.0352941,0.0117647,0.0117647,0,0,0,0.0470588,0.0470588,0.0352941,0.0117647,0,0.0117647,0.0352941,0.0588235,0.0705882,0.0235294,0.0352941,0,0,0.0352941,0,0,0.0352941,0.0823529,0.0705882,0.0117647,0.0352941,0,0,0.0352941,0.0470588,0.0235294,0.0117647,0.0117647,0.0352941,0.0352941,0.0470588,0.0705882,0.0235294,0.0117647,0.0352941,0.0235294,0.0235294,0,0.0235294,0.0117647,0,0.0235294,0.0117647,0.0117647,0.0352941,0.0470588,0.0235294,0.0117647,0.0117647,0.0117647,0.0235294,0.0117647,0.0235294,0.0235294,0.0235294,0.0117647
0.0117647,0.0352941,0.0117647,0.0117647,0,0,0,0.0470588,0.0470588,0.0352941,0.0117647,0,0.0117647,0.0352941,0.0588235,0.0705882,0.0235294,0.0352941,0,0,0.0352941,0,0,0.0352941,0.0823529,0.0705882,0.0117647,0.0352941,0,0,0.0352941,0.0470588,0.0235294,0.0117647,0.0117647,0.0352941,0.0352941,0.0470588,0.0705882,0.0235294,0.0117647,0.0352941,0.0235294,0.0235294,0,0.0235294,0.0117647,0,0.0235294,0.0117647,0.0117647,0.0352941,0.0470588,0.0235294,0.0117647,0.0117647,0.0117647,0.0235294,0.0117647,0.0235294,0.0235294,0.0235294,0.0117647,0.0117647
0.0352941,0.0117647,0.0117647,0,0,0,0.0470588,0.0470588,0.0352941,0.0117647,0,0.0117647,0.0352941,0.0588235,0.0705882,0.0235294,0.0352941,0,0,0.0352941,0,0,0.0352941,0.0823529,0.0705882,0.0117647,0.0352941,0,0,0.0352941,0.0470588,0.0235294,0.0117647,0.0117647,0.0352941,0.0352941,0.0470588,0.0705882,0.0235294,0.0117647,0.0352941,0.0235294,0.0235294,0,0.0235294,0.0117647,0,0.0235294,0.0117647,0.0117647,0.0352941,0.0470588,0.0235294,0.0117647,0.0117647,0.0117647,0.0235294,0.0117647,0.0235294,0.0235294,0.0235294,0.0117647,0.0117647,0
0.0117647,0.0117647,0,0,0,0.0470588,0.0470588,0.0352941,0.0117647,0,0.0117647,0.0352941,0.0588235,0.0705882,0.0235294,0.0352941,0,0,0.0352941,0,0,0.0352941,0.0823529,0.0705882,0.0117647,0.0352941,0,0,0.0352941,0.0470588,0.0235294,0.0117647,0.0117647,0.0352941,0.0352941,0.0470588,0.0705882,0.0235294,0.0117647,0.0352941,0.0235294,0.0235294,0,0.0235294,0.0117647,0,0.0235294,0.0117647,0.0117647,0.0352941,0.0470588,0.0235294,0.0117647,0.0117647,0.0117647,0.0235294,0.0117647,0.0235294,0.0235294,0.0235294,0.0117647,0.0117647,0,0.0117647
0.0117647,0,0,0,0.0470588,0.0470588,0.0352941,0.0117647,0,0.0117647,0.0352941,0.0588235,0.0705882,0.0235294,0.0352941,0,0,0.0352941,0,0,0.0352941,0.0823529,0.0705882,0.0117647,0.0352941,0,0,0.0352941,0.0470588,0.0235294,0.0117647,0.0117647,0.0352941,0.0352941,0.0470588,0.0705882,0.0235294,0.0117647,0.0352941,0.0235294,0.0235294,0,0.0235294,0.0117647,0,0.0235294,0.0117647,0.0117647,0.0352941,0.0470588,0.0235294,0.0117647,0.0117647,0.0117647,0.0235294,0.0117647,0.0235294,0.0235294,0.0235294,0.0117647,0.0117647,0,0.0117647,0.0235294
0,0,0,0.0470588,0.0470588,0.0352941,0.0117647,0,0.0117647,0.0352941,0.0588235,0.0705882,0.0235294,0.0352941,0,0,0.0352941,0,0,0.0352941,0.0823529,0.0705882,0.0117647,0.0352941,0,0,0.0352941,0.0470588,0.0235294,0.0117647,0.0117647,0.0352941,0.0352941,0.0470588,0.0705882,0.0235294,0.0117647,0.0352941,0.0235294,0.0235294,0,0.0235294,0.0117647,0,0.0235294,0.0117647,0.0117647,0.0352941,0.0470588,0.0235294,0.0117647,0.0117647,0.0117647,0.0235294,0.0117647,0.0235294,0.0235294,0.0235294,0.0117647,0.0117647,0,0.0117647,0.0235294,0.0588235
0,0,0.0470588,0.0470588,0.0352941,0.0117647,0,0.0117647,0.0352941,0.0588235,0.0705882,0.0235294,0.0352941,0,0,0.0352941,0,0,0.0352941,0.0823529,0.0705882,0.0117647,0.0352941,0,0,0.0352941,0.0470588,0.0235294,0.0117647,0.0117647,0.0352941,0.0352941,0.0470588,0.0705882,0.0235294,0.0117647,0.0352941,0.0235294,0.0235294,0,0.0235294,0.0117647,0,0.0235294,0.0117647,0.0117647,0.0352941,0.0470588,0.0235294,0.0117647,0.0117647,0.0117647,0.0235294,0.0117647,0.0235294,0.0235294,0.0235294,0.0117647,0.0117647,0,0.0117647,0.0235294,0.0588235,0.0235294
0,0.0470588,0.0470588,0.0352941,0.0117647,0,0.0117647,0.0352941,0.0588235,0.0705882,0.0235294,0.0352941,0,0,0.0352941,0,0,0.0352941,0.0823529,0.0705882,0.0117647,0.0352941,0,0,0.0352941,0.0470588,0.0235294,0.0117647,0.0117647,0.0352941,0.0352941,0.0470588,0.0705882,0.0235294,0.0117647,0.0352941,0.0235294,0.0235294,0,0.0235294,0.0117647,0,0.0235294,0.0117647,0.0117647,0.0352941,0.0470588,0.0235294,0.0117647,0.0117647,0.0117647,0.0235294,0.0117647,0.0235294,0.0235294,0.0235294,0.0117647,0.0117647,0,0.0117647,0.0235294,0.0588235,0.0235294,0.0235294
0.0470588,0.0470588,0.0352941,0.0117647,0,0.0117647,0.0352941,0.0588235,0.0705882,0.0235294,0.0352941,0,0,0.0352941,0,0,0.0352941,0.0823529,0.0705882,0.0117647,0.0352941,0,0,0.0352941,0.0470588,0.0235294,0.0117647,0.0117647,0.0352941,0.0352941,0.0470588,0.0705882,0.0235294,0.0117647,0.0352941,0.0235294,0.0235294,0,0.0235294,0.0117647,0,0.0235294,0.0117647,0.0117647,0.0352941,0.0470588,0.0235294,0.0117647,0.0117647,0.0117647,0.0235294,0.0117647,0.0235294,0.0235294,0.0235294,0.0117647,0.0117647,0,0.0117647,0.0235294,0.0588235,0.0235294,0.0235294,0.0352941
0.0470588,0.0352941,0.0117647,0,0.0117647,0.0352941,0.0588235,0.0705882,0.0235294,0.0352941,0,0,0.0352941,0,0,0.0352941,0.0823529,0.0705882,0.0117647,0.0352941,0,0,0.0352941,0.0470588,0.0235294,0.0117647,0.0117647,0.0352941,0.0352941,0.0470588,0.0705882,0.0235294,0.0117647,0.0352941,0.0235294,0.0235294,0,0.0235294,0.0117647,0,0.0235294,0.0117647,0.0117647,0.0352941,0.0470588,0.0235294,0.0117647,0.0117647,0.0117647,0.0235294,0.0117647,0.0235294,0.0235294,0.0235294,0.0117647,0.0117647,0,0.0117647,0.0235294,0.0588235,0.0235294,0.0235294,0.0352941,0.0352941
0.0352941,0.0117647,0,0.0117647,0.0352941,0.0588235,0.0705882,0.0235294,0.0352941,0,0,0.0352941,0,0,0.0352941,0.0823529,0.0705882,0.0117647,0.0352941,0,0,0.0352941,0.0470588,0.0235294,0.0117647,0.0117647,0.0352941,0.0352941,0.0470588,0.0705882,0.0235294,0.0117647,0.0352941,0.0235294,0.0235294,0,0.0235294,0.0117647,0,0.0235294,0.0117647,0.0117647,0.0352941,0.0470588,0.0235294,0.0117647,0.0117647,0.0117647,0.0235294,0.0117647,0.0235294,0.0235294,0.0235294,0.0117647,0.0117647,0,0.0117647,0.0235294,0.0588235,0.0235294,0.0235294,0.0352941,0.0352941,0.0117647
0.0117647,0,0.0117647,0.0352941,0.0588235,0.0705882,0.0235294,0.0352941,0,0,0.0352941,0,0,0.0352941,0.0823529,0.0705882,0.0117647,0.0352941,0,0,0.0352941,0.0470588,0.0235294,0.0117647,0.0117647,0.0352941,0.0352941,0.0470588,0.0705882,0.0235294,0.0117647,0.0352941,0.0235294,0.0235294,0,0.0235294,0.0117647,0,0.0235294,0.0117647,0.0117647,0.0352941,0.0470588,0.0235294,0.0117647,0.0117647,0.0117647,0.0235294,0.0117647,0.0235294,0.0235294,0.0235294,0.0117647,0.0117647,0,0.0117647,0.0235294,0.0588235,0.0235294,0.0235294,0.0352941,0.0352941,0.0117647,0.0117647
0,0.0117647,0.0352941,0.0588235,0.0705882,0.0235294,0.0352941,0,0,0.0352941,0,0,0.0352941,0.0823529,0.0705882,0.0117647,0.0352941,0,0,0.0352941,0.0470588,0.0235294,0.0117647,0.0117647,0.0352941,0.0352941,0.0470588,0.0705882,0.0235294,0.0117647,0.0352941,0.0235294,0.0235294,0,0.0235294,0.0117647,0,0.0235294,0.0117647,0.0117647,0.0352941,0.0470588,0.0235294,0.0117647,0.0117647,0.0117647,0.0235294,0.0117647,0.0235294,0.0235294,0.0235294,0.0117647,0.0117647,0,0.0117647,0.0235294,0.0588235,0.0235294,0.0235294,0.0352941,0.0352941,0.0117647,0.0117647,0