0.0588235,0.105882,0.0705882,0.0235294,0,0.0235294,0.0588235,0.0705882,0.0352941,0.0117647,0.0117647,0.0470588,0.0705882,0.0823529,0.0470588,0.0235294,0.0117647,0.0235294,0.0352941,0.0588235,0.0588235,0.0352941,0.0235294,0.0352941,0.0235294,0.0117647,0.0235294,0.0235294,0.0588235,0.0941176,0.0588235,0.0470588,0.0823529,0.105882,0.0705882,0.0235294,0.0352941,0.0117647,0.0470588,0.0352941,0.0352941,0.0470588,0.0705882,0.0941176,0.105882,0.129412,0.0941176,0.0235294,0,0.0235294,0.0705882,0.0117647,0,0.0117647,0.0941176,0.141176,0.105882,0,0,0.117647,0.152941,0.0588235,0.0470588,0.0823529
0.105882,0.0705882,0.0235294,0,0.0235294,0.0588235,0.0705882,0.0352941,0.0117647,0.0117647,0.0470588,0.0705882,0.0823529,0.0470588,0.0235294,0.0117647,0.0235294,0.0352941,0.0588235,0.0588235,0.0352941,0.0235294,0.0352941,0.0235294,0.0117647,0.0235294,0.0235294,0.0588235,0.0941176,0.0588235,0.0470588,0.0823529,0.105882,0.0705882,0.0235294,0.0352941,0.0117647,0.0470588,0.0352941,0.0352941,0.0470588,0.0705882,0.0941176,0.105882,0.129412,0.0941176,0.0235294,0,0.0235294,0.0705882,0.0117647,0,0.0117647,0.0941176,0.141176,0.105882,0,0,0.117647,0.152941,0.0588235,0.0470588,0.0823529,0.211765
0.0705882,0.0235294,0,0.0235294,0.0588235,0.0705882,0.0352941,0.0117647,0.0117647,0.0470588,0.0705882,0.0823529,0.0470588,0.0235294,0.0117647,0.0235294,0.0352941,0.0588235,0.0588235,0.0352941,0.0235294,0.0352941,0.0235294,0.0117647,0.0235294,0.0235294,0.0588235,0.0941176,0.0588235,0.0470588,0.0823529,0.105882,0.0705882,0.0235294,0.0352941,0.0117647,0.0470588,0.0352941,0.0352941,0.0470588,0.0705882,0.0941176,0.105882,0.129412,0.0941176,0.0235294,0,0.0235294,0.0705882,0.0117647,0,0.0117647,0.0941176,0.141176,0.105882,0,0,0.117647,0.152941,0.0588235,0.0470588,0.0823529,0.211765,0.176471
0.0235294,0,0.0235294,0.0588235,0.0705882,0.0352941,0.0117647,0.0117647,0.0470588,0.0705882,0.0823529,0.0470588,0.0235294,0.0117647,0.0235294,0.0352941,0.0588235,0.0588235,0.0352941,0.0235294,0.0352941,0.0235294,0.0117647,0.0235294,0.0235294,0.0588235,0.0941176,0.0588235,0.0470588,0.0823529,0.105882,0.0705882,0.0235294,0.0352941,0.0117647,0.0470588,0.0352941,0.0352941,0.0470588,0.0705882,0.0941176,0.105882,0.129412,0.0941176,0.0235294,0,0.0235294,0.0705882,0.0117647,0,0.0117647,0.0941176,0.141176,0.105882,0,0,0.117647,0.152941,0.0588235,0.0470588,0.0823529,0.211765,0.176471,0.141176
0,0.0235294,0.0588235,0.0705882,0.0352941,0.0117647,0.0117647,0.0470588,0.0705882,0.0823529,0.0470588,0.0235294,0.0117647,0.0235294,0.0352941,0.0588235,0.0588235,0.0352941,0.0235294,0.0352941,0.0235294,0.0117647,0.0235294,0.0235294,0.0588235,0.0941176,0.0588235,0.0470588,0.0823529,0.105882,0.0705882,0.0235294,0.0352941,0.0117647,0.0470588,0.0352941,0.0352941,0.0470588,0.0705882,0.0941176,0.105882,0.129412,0.0941176,0.0235294,0,0.0235294,0.0705882,0.0117647,0,0.0117647,0.0941176,0.141176,0.105882,0,0,0.117647,0.152941,0.0588235,0.0470588,0.0823529,0.211765,0.176471,0.141176,0.0588235
0.0235294,0.0588235,0.0705882,0.0352941,0.0117647,0.0117647,0.0470588,0.0705882,0.0823529,0.0470588,0.0235294,0.0117647,0.0235294,0.0352941,0.0588235,0.0588235,0.0352941,0.0235294,0.0352941,0.0235294,0.0117647,0.0235294,0.0235294,0.0588235,0.0941176,0.0588235,0.0470588,0.0823529,0.105882,0.0705882,0.0235294,0.0352941,0.0117647,0.0470588,0.0352941,0.0352941,0.0470588,0.0705882,0.0941176,0.105882,0.129412,0.0941176,0.0235294,0,0.0235294,0.0705882,0.0117647,0,0.0117647,0.0941176,0.141176,0.105882,0,0,0.117647,0.152941,0.0588235,0.0470588,0.0823529,0.211765,0.176471,0.141176,0.0588235,0.0941176
0.0588235,0.0705882,0.0352941,0.0117647,0.0117647,0.0470588,0.0705882,0.0823529,0.0470588,0.0235294,0.0117647,0.0235294,0.0352941,0.0588235,0.0588235,0.0352941,0.0235294,0.0352941,0.0235294,0.0117647,0.0235294,0.0235294,0.0588235,0.0941176,0.0588235,0.0470588,0.0823529,0.105882,0.0705882,0.0235294,0.0352941,0.0117647,0.0470588,0.0352941,0.0352941,0.0470588,0.0705882,0.0941176,0.105882,0.129412,0.0941176,0.0235294,0,0.0235294,0.0705882,0.0117647,0,0.0117647,0.0941176,0.141176,0.105882,0,0,0.117647,0.152941,0.0588235,0.0470588,0.0823529,0.211765,0.176471,0.141176,0.0588235,0.0941176,0.105882
0.0705882,0.0352941,0.0117647,0.0117647,0.0470588,0.0705882,0.0823529,0.0470588,0.0235294,0.0117647,0.0235294,0.0352941,0.0588235,0.0588235,0.0352941,0.0235294,0.0352941,0.0235294,0.0117647,0.0235294,0.0235294,0.0588235,0.0941176,0.0588235,0.0470588,0.0823529,0.105882,0.0705882,0.0235294,0.0352941,0.0117647,0.0470588,0.0352941,0.0352941,0.0470588,0.0705882,0.0941176,0.105882,0.129412,0.0941176,0.0235294,0,0.0235294,0.0705882,0.0117647,0,0.0117647,0.0941176,0.141176,0.105882,0,0,0.117647,0.152941,0.0588235,0.0470588,0.0823529,0.211765,0.176471,0.141176,0.0588235,0.0941176,0.105882,0.0588235
0.0352941,0.0117647,0.0117647,0.0470588,0.0705882,0.0823529,0.0470588,0.0235294,0.0117647,0.0235294,0.0352941,0.0588235,0.0588235,0.0352941,0.0235294,0.0352941,0.0235294,0.0117647,0.0235294,0.0235294,0.0588235,0.0941176,0.0588235,0.0470588,0.0823529,0.105882,0.0705882,0.0235294,0.0352941,0.0117647,0.0470588,0.0352941,0.0352941,0.0470588,0.0705882,0.0941176,0.105882,0.129412,0.0941176,0.0235294,0,0.0235294,0.0705882,0.0117647,0,0.0117647,0.0941176,0.141176,0.105882,0,0,0.117647,0.152941,0.0588235,0.0470588,0.0823529,0.211765,0.176471,0.141176,0.0588235,0.0941176,0.105882,0.0588235,0.0117647
0.0117647,0.0117647,0.0470588,0.0705882,0.0823529,0.0470588,0.0235294,0.0117647,0.0235294,0.0352941,0.0588235,0.0588235,0.0352941,0.0235294,0.0352941,0.0235294,0.0117647,0.0235294,0.0235294,0.0588235,0.0941176,0.0588235,0.0470588,0.0823529,0.105882,0.0705882,0.0235294,0.0352941,0.0117647,0.0470588,0.0352941,0.0352941,0.0470588,0.0705882,0.0941176,0.105882,0.129412,0.0941176,0.0235294,0,0.0235294,0.0705882,0.0117647,0,0.0117647,0.0941176,0.141176,0.105882,0,0,0.117647,0.152941,0.0588235,0.0470588,0.0823529,0.211765,0.176471,0.141176,0.0588235,0.0941176,0.105882,0.0588235,0.0117647,0.105882
0.0117647,0.0470588,0.0705882,0.0823529,0.0470588,0.0235294,0.0117647,0.0235294,0.0352941,0.0588235,0.0588235,0.0352941,0.0235294,0.0352941,0.0235294,0.0117647,0.0235294,0.0235294,0.0588235,0.0941176,0.0588235,0.0470588,0.0823529,0.105882,0.0705882,0.0235294,0.0352941,0.0117647,0.0470588,0.0352941,0.0352941,0.0470588,0.0705882,0.0941176,0.105882,0.129412,0.0941176,0.0235294,0,0.0235294,0.0705882,0.0117647,0,0.0117647,0.0941176,0.141176,0.105882,0,0,0.117647,0.152941,0.0588235,0.0470588,0.0823529,0.211765,0.176471,0.141176,0.0588235,0.0941176,0.105882,0.0588235,0.0117647,0.105882,0.0705882
0.0470588,0.0705882,0.0823529,0.0470588,0.0235294,0.0117647,0.0235294,0.0352941,0.0588235,0.0588235,0.0352941,0.0235294,0.0352941,0.0235294,0.0117647,0.0235294,0.0235294,0.0588235,0.0941176,0.0588235,0.0470588,0.0823529,0.105882,0.0705882,0.0235294,0.0352941,0.0117647,0.0470588,0.0352941,0.0352941,0.0470588,0.0705882,0.0941176,0.105882,0.129412,0.0941176,0.0235294,0,0.0235294,0.0705882,0.0117647,0,0.0117647,0.0941176,0.141176,0.105882,0,0,0.117647,0.152941,0.0588235,0.0470588,0.0823529,0.211765,0.176471,0.141176,0.0588235,0.0941176,0.105882,0.0588235,0.0117647,0.105882,0.0705882,0
0.0705882,0.0823529,0.0470588,0.0235294,0.0117647,0.0235294,0.0352941,0.0588235,0.0588235,0.0352941,0.0235294,0.0352941,0.0235294,0.0117647,0.0235294,0.0235294,0.0588235,0.0941176,0.0588235,0.0470588,0.0823529,0.105882,0.0705882,0.0235294,0.0352941,0.0117647,0.0470588,0.0352941,0.0352941,0.0470588,0.0705882,0.0941176,0.105882,0.129412,0.0941176,0.0235294,0,0.0235294,0.0705882,0.0117647,0,0.0117647,0.0941176,0.141176,0.105882,0,0,0.117647,0.152941,0.0588235,0.0470588,0.0823529,0.211765,0.176471,0.141176,0.0588235,0.0941176,0.105882,0.0588235,0.0117647,0.105882,0.0705882,0,0.105882
0.0823529,0.0470588,0.0235294,0.0117647,0.0235294,0.0352941,0.0588235,0.0588235,0.0352941,0.0235294,0.0352941,0.0235294,0.0117647,0.0235294,0.0235294,0.0588235,0.0941176,0.0588235,0.0470588,0.0823529,0.105882,0.0705882,0.0235294,0.0352941,0.0117647,0.0470588,0.0352941,0.0352941,0.0470588,0.0705882,0.0941176,0.105882,0.129412,0.0941176,0.0235294,0,0.0235294,0.0705882,0.0117647,0,0.0117647,0.0941176,0.141176,0.105882,0,0,0.117647,0.152941,0.0588235,0.0470588,0.0823529,0.211765,0.176471,0.141176,0.0588235,0.0941176,0.105882,0.0588235,0.0117647,0.105882,0.0705882,0,0.105882,0.0470588
0.0470588,0.0235294,0.0117647,0.0235294,0.0352941,0.0588235,0.0588235,0.0352941,0.0235294,0.0352941,0.0235294,0.0117647,0.0235294,0.0235294,0.0588235,0.0941176,0.0588235,0.0470588,0.0823529,0.105882,0.0705882,0.0235294,0.0352941,0.0117647,0.0470588,0.0352941,0.0352941,0.0470588,0.0705882,0.0941176,0.105882,0.129412,0.0941176,0.0235294,0,0.0235294,0.0705882,0.0117647,0,0.0117647,0.0941176,0.141176,0.105882,0,0,0.117647,0.152941,0.0588235,0.0470588,0.0823529,0.211765,0.176471,0.141176,0.0588235,0.0941176,0.105882,0.0588235,0.0117647,0.105882,0.0705882,0,0.105882,0.0470588,0.0235294
0.0235294,0.0117647,0.0235294,0.0352941,0.0588235,0.0588235,0.0352941,0.0235294,0.0352941,0.0235294,0.0117647,0.0235294,0.0235294,0.0588235,0.0941176,0.0588235,0.0470588,0.0823529,0.105882,0.0705882,0.0235294,0.0352941,0.0117647,0.0470588,0.0352941,0.0352941,0.0470588,0.0705882,0.0941176,0.105882,0.129412,0.0941176,0.0235294,0,0.0235294,0.0705882,0.0117647,0,0.0117647,0.0941176,0.141176,0.105882,0,0,0.117647,0.152941,0.0588235,0.0470588,0.0823529,0.211765,0.176471,0.141176,0.0588235,0.0941176,0.105882,0.0588235,0.0117647,0.105882,0.0705882,0,0.105882,0.0470588,0.0235294,0.0352941
0.0117647,0.0235294,0.0352941,0.0588235,0.0588235,0.0352941,0.0235294,0.0352941,0.0235294,0.0117647,0.0235294,0.0235294,0.0588235,0.0941176,0.0588235,0.0470588,0.0823529,0.105882,0.0705882,0.0235294,0.0352941,0.0117647,0.0470588,0.0352941,0.0352941,0.0470588,0.0705882,0.0941176,0.105882,0.129412,0.0941176,0.0235294,0,0.0235294,0.0705882,0.0117647,0,0.0117647,0.0941176,0.141176,0.105882,0,0,0.117647,0.152941,0.0588235,0.0470588,0.0823529,0.211765,0.176471,0.141176,0.0588235,0.0941176,0.105882,0.0588235,0.0117647,0.105882,0.0705882,0,0.105882,0.0470588,0.0235294,0.0352941,0.0470588
0.0235294,0.0352941,0.0588235,0.0588235,0.0352941,0.0235294,0.0352941,0.0235294,0.0117647,0.0235294,0.0235294,0.0588235,0.0941176,0.0588235,0.0470588,0.0823529,0.105882,0.0705882,0.0235294,0.0352941,0.0117647,0.0470588,0.0352941,0.0352941,0.0470588,0.0705882,0.0941176,0.105882,0.129412,0.0941176,0.0235294,0,0.0235294,0.0705882,0.0117647,0,0.0117647,0.0941176,0.141176,0.105882,0,0,0.117647,0.152941,0.0588235,0.0470588,0.0823529,0.211765,0.176471,0.141176,0.0588235,0.0941176,0.105882,0.0588235,0.0117647,0.105882,0.0705882,0,0.105882,0.0470588,0.0235294,0.0352941,0.0470588,0.0117647
0.0352941,0.0588235,0.0588235,0.0352941,0.0235294,0.0352941,0.0235294,0.0117647,0.0235294,0.0235294,0.0588235,0.0941176,0.0588235,0.0470588,0.0823529,0.105882,0.0705882,0.0235294,0.0352941,0.0117647,0.0470588,0.0352941,0.0352941,0.0470588,0.0705882,0.0941176,0.105882,0.129412,0.0941176,0.0235294,0,0.0235294,0.0705882,0.0117647,0,0.0117647,0.0941176,0.141176,0.105882,0,0,0.117647,0.152941,0.0588235,0.0470588,0.0823529,0.211765,0.176471,0.141176,0.0588235,0.0941176,0.105882,0.0588235,0.0117647,0.105882,0.0705882,0,0.105882,0.0470588,0.0235294,0.0352941,0.0470588,0.0117647,0.0352941
0.0588235,0.0588235,0.0352941,0.0235294,0.0352941,0.0235294,0.0117647,0.0235294,0.0235294,0.0588235,0.0941176,0.0588235,0.0470588,0.0823529,0.105882,0.0705882,0.0235294,0.0352941,0.0117647,0.0470588,0.0352941,0.0352941,0.0470588,0.0705882,0.0941176,0.105882,0.129412,0.0941176,0.0235294,0,0.0235294,0.0705882,0.0117647,0,0.0117647,0.0941176,0.141176,0.105882,0,0,0.117647,0.152941,0.0588235,0.0470588,0.0823529,0.211765,0.176471,0.141176,0.0588235,0.0941176,0.105882,0.0588235,0.0117647,0.105882,0.0705882,0,0.105882,0.0470588,0.0235294,0.0352941,0.0470588,0.0117647,0.0352941,0.0352941
0.0588235,0.0352941,0.0235294,0.0352941,0.0235294,0.0117647,0.0235294,0.0235294,0.0588235,0.0941176,0.0588235,0.0470588,0.0823529,0.105882,0.0705882,0.0235294,0.0352941,0.0117647,0.0470588,0.0352941,0.0352941,0.0470588,0.0705882,0.0941176,0.105882,0.129412,0.0941176,0.0235294,0,0.0235294,0.0705882,0.0117647,0,0.0117647,0.0941176,0.141176,0.105882,0,0,0.117647,0.152941,0.0588235,0.0470588,0.0823529,0.211765,0.176471,0.141176,0.0588235,0.0941176,0.105882,0.0588235,0.0117647,0.105882,0.0705882,0,0.105882,0.0470588,0.0235294,0.0352941,0.0470588,0.0117647,0.0352941,0.0352941,0
0.0352941,0.0235294,0.0352941,0.0235294,0.0117647,0.0235294,0.0235294,0.0588235,0.0941176,0.0588235,0.0470588,0.0823529,0.105882,0.0705882,0.0235294,0.0352941,0.0117647,0.0470588,0.0352941,0.0352941,0.0470588,0.0705882,0.0941176,0.105882,0.129412,0.0941176,0.0235294,0,0.0235294,0.0705882,0.0117647,0,0.0117647,0.0941176,0.141176,0.105882,0,0,0.117647,0.152941,0.0588235,0.0470588,0.0823529,0.211765,0.176471,0.141176,0.0588235,0.0941176,0.105882,0.0588235,0.0117647,0.105882,0.0705882,0,0.105882,0.0470588,0.0235294,0.0352941,0.0470588,0.0117647,0.0352941,0.0352941,0,0
0.0235294,0.0352941,0.0235294,0.0117647,0.0235294,0.0235294,0.0588235,0.0941176,0.0588235,0.0470588,0.0823529,0.105882,0.0705882,0.0235294,0.0352941,0.0117647,0.0470588,0.0352941,0.0352941,0.0470588,0.0705882,0.0941176,0.105882,0.129412,0.0941176,0.0235294,0,0.0235294,0.0705882,0.0117647,0,0.0117647,0.0941176,0.141176,0.105882,0,0,0.117647,0.152941,0.0588235,0.0470588,0.0823529,0.211765,0.176471,0.141176,0.0588235,0.0941176,0.105882,0.0588235,0.0117647,0.105882,0.0705882,0,0.105882,0.0470588,0.0235294,0.0352941,0.0470588,0.0117647,0.0352941,0.0352941,0,0,0.270588
0.0352941,0.0235294,0.0117647,0.0235294,0.0235294,0.0588235,0.0941176,0.0588235,0.0470588,0.0823529,0.105882,0.0705882,0.0235294,0.0352941,0.0117647,0.0470588,0.0352941,0.0352941,0.0470588,0.0705882,0.0941176,0.105882,0.129412,0.0941176,0.0235294,0,0.0235294,0.0705882,0.0117647,0,0.0117647,0.0941176,0.141176,0.105882,0,0,0.117647,0.152941,0.0588235,0.0470588,0.0823529,0.211765,0.176471,0.141176,0.0588235,0.0941176,0.105882,0.0588235,0.0117647,0.105882,0.0705882,0,0.105882,0.0470588,0.0235294,0.0352941,0.0470588,0.0117647,0.0352941,0.0352941,0,0,0.270588,0.0588235
0.0235294,0.0117647,0.0235294,0.0235294,0.0588235,0.0941176,0.0588235,0.0470588,0.0823529,0.105882,0.0705882,0.0235294,0.0352941,0.0117647,0.0470588,0.0352941,0.0352941,0.0470588,0.0705882,0.0941176,0.105882,0.129412,0.0941176,0.0235294,0,0.0235294,0.0705882,0.0117647,0,0.0117647,0.0941176,0.141176,0.105882,0,0,0.117647,0.152941,0.0588235,0.0470588,0.0823529,0.211765,0.176471,0.141176,0.0588235,0.0941176,0.105882,0.0588235,0.0117647,0.105882,0.0705882,0,0.105882,0.0470588,0.0235294,0.0352941,0.0470588,0.0117647,0.0352941,0.0352941,0,0,0.270588,0.0588235,0.258824
0.0117647,0.0235294,0.0235294,0.0588235,0.0941176,0.0588235,0.0470588,0.0823529,0.105882,0.0705882,0.0235294,0.0352941,0.0117647,0.0470588,0.0352941,0.0352941,0.0470588,0.0705882,0.0941176,0.105882,0.129412,0.0941176,0.0235294,0,0.0235294,0.0705882,0.0117647,0,0.0117647,0.0941176,0.141176,0.105882,0,0,0.117647,0.152941,0.0588235,0.0470588,0.0823529,0.211765,0.176471,0.141176,0.0588235,0.0941176,0.105882,0.0588235,0.0117647,0.105882,0.0705882,0,0.105882,0.0470588,0.0235294,0.0352941,0.0470588,0.0117647,0.0352941,0.0352941,0,0,0.270588,0.0588235,0.258824,0.235294
0.0235294,0.0235294,0.0588235,0.0941176,0.0588235,0.0470588,0.0823529,0.105882,0.0705882,0.0235294,0.0352941,0.0117647,0.0470588,0.0352941,0.0352941,0.0470588,0.0705882,0.0941176,0.105882,0.129412,0.0941176,0.0235294,0,0.0235294,0.0705882,0.0117647,0,0.0117647,0.0941176,0.141176,0.105882,0,0,0.117647,0.152941,0.0588235,0.0470588,0.0823529,0.211765,0.176471,0.141176,0.0588235,0.0941176,0.105882,0.0588235,0.0117647,0.105882,0.0705882,0,0.105882,0.0470588,0.0235294,0.0352941,0.0470588,0.0117647,0.0352941,0.0352941,0,0,0.270588,0.0588235,0.258824,0.235294,0.0470588
0.0235294,0.0588235,0.0941176,0.0588235,0.0470588,0.0823529,0.105882,0.0705882,0.0235294,0.0352941,0.0117647,0.0470588,0.0352941,0.0352941,0.0470588,0.0705882,0.0941176,0.105882,0.129412,0.0941176,0.0235294,0,0.0235294,0.0705882,0.0117647,0,0.0117647,0.0941176,0.141176,0.105882,0,0,0.117647,0.152941,0.0588235,0.0470588,0.0823529,0.211765,0.176471,0.141176,0.0588235,0.0941176,0.105882,0.0588235,0.0117647,0.105882,0.0705882,0,0.105882,0.0470588,0.0235294,0.0352941,0.0470588,0.0117647,0.0352941,0.0352941,0,0,0.270588,0.0588235,0.258824,0.235294,0.0470588,0.2
0.0588235,0.0941176,0.0588235,0.0470588,0.0823529,0.105882,0.0705882,0.0235294,0.0352941,0.0117647,0.0470588,0.0352941,0.0352941,0.0470588,0.0705882,0.0941176,0.105882,0.129412,0.0941176,0.0235294,0,0.0235294,0.0705882,0.0117647,0,0.0117647,0.0941176,0.141176,0.105882,0,0,0.117647,0.152941,0.0588235,0.0470588,0.0823529,0.211765,0.176471,0.141176,0.0588235,0.0941176,0.105882,0.0588235,0.0117647,0.105882,0.0705882,0,0.105882,0.0470588,0.0235294,0.0352941,0.0470588,0.0117647,0.0352941,0.0352941,0,0,0.270588,0.0588235,0.258824,0.235294,0.0470588,0.2,0.0235294
0.0941176,0.0588235,0.0470588,0.0823529,0.105882,0.0705882,0.0235294,0.0352941,0.0117647,0.0470588,0.0352941,0.0352941,0.0470588,0.0705882,0.0941176,0.105882,0.129412,0.0941176,0.0235294,0,0.0235294,0.0705882,0.0117647,0,0.0117647,0.0941176,0.141176,0.105882,0,0,0.117647,0.152941,0.0588235,0.0470588,0.0823529,0.211765,0.176471,0.141176,0.0588235,0.0941176,0.105882,0.0588235,0.0117647,0.105882,0.0705882,0,0.105882,0.0470588,0.0235294,0.0352941,0.0470588,0.0117647,0.0352941,0.0352941,0,0,0.270588,0.0588235,0.258824,0.235294,0.0470588,0.2,0.0235294,0
0.0588235,0.0470588,0.0823529,0.105882,0.0705882,0.0235294,0.0352941,0.0117647,0.0470588,0.0352941,0.0352941,0.0470588,0.0705882,0.0941176,0.105882,0.129412,0.0941176,0.0235294,0,0.0235294,0.0705882,0.0117647,0,0.0117647,0.0941176,0.141176,0.105882,0,0,0.117647,0.152941,0.0588235,0.0470588,0.0823529,0.211765,0.176471,0.141176,0.0588235,0.0941176,0.105882,0.0588235,0.0117647,0.105882,0.0705882,0,0.105882,0.0470588,0.0235294,0.0352941,0.0470588,0.0117647,0.0352941,0.0352941,0,0,0.270588,0.0588235,0.258824,0.235294,0.0470588,0.2,0.0235294,0,0.141176
0.0470588,0.0823529,0.105882,0.0705882,0.0235294,0.0352941,0.0117647,0.0470588,0.0352941,0.0352941,0.0470588,0.0705882,0.0941176,0.105882,0.129412,0.0941176,0.0235294,0,0.0235294,0.0705882,0.0117647,0,0.0117647,0.0941176,0.141176,0.105882,0,0,0.117647,0.152941,0.0588235,0.0470588,0.0823529,0.211765,0.176471,0.141176,0.0588235,0.0941176,0.105882,0.0588235,0.0117647,0.105882,0.0705882,0,0.105882,0.0470588,0.0235294,0.0352941,0.0470588,0.0117647,0.0352941,0.0352941,0,0,0.270588,0.0588235,0.258824,0.235294,0.0470588,0.2,0.0235294,0,0.141176,0.117647
0.0823529,0.105882,0.0705882,0.0235294,0.0352941,0.0117647,0.0470588,0.0352941,0.0352941,0.0470588,0.0705882,0.0941176,0.105882,0.129412,0.0941176,0.0235294,0,0.0235294,0.0705882,0.0117647,0,0.0117647,0.0941176,0.141176,0.105882,0,0,0.117647,0.152941,0.0588235,0.0470588,0.0823529,0.211765,0.176471,0.141176,0.0588235,0.0941176,0.105882,0.0588235,0.0117647,0.105882,0.0705882,0,0.105882,0.0470588,0.0235294,0.0352941,0.0470588,0.0117647,0.0352941,0.0352941,0,0,0.270588,0.0588235,0.258824,0.235294,0.0470588,0.2,0.0235294,0,0.141176,0.117647,0.141176
0.105882,0.0705882,0.0235294,0.0352941,0.0117647,0.0470588,0.0352941,0.0352941,0.0470588,0.0705882,0.0941176,0.105882,0.129412,0.0941176,0.0235294,0,0.0235294,0.0705882,0.0117647,0,0.0117647,0.0941176,0.141176,0.105882,0,0,0.117647,0.152941,0.0588235,0.0470588,0.0823529,0.211765,0.176471,0.141176,0.0588235,0.0941176,0.105882,0.0588235,0.0117647,0.105882,0.0705882,0,0.105882,0.0470588,0.0235294,0.0352941,0.0470588,0.0117647,0.0352941,0.0352941,0,0,0.270588,0.0588235,0.258824,0.235294,0.0470588,0.2,0.0235294,0,0.141176,0.117647,0.141176,0.0823529
0.0705882,0.0235294,0.0352941,0.0117647,0.0470588,0.0352941,0.0352941,0.0470588,0.0705882,0.0941176,0.105882,0.129412,0.0941176,0.0235294,0,0.0235294,0.0705882,0.0117647,0,0.0117647,0.0941176,0.141176,0.105882,0,0,0.117647,0.152941,0.0588235,0.0470588,0.0823529,0.211765,0.176471,0.141176,0.0588235,0.0941176,0.105882,0.0588235,0.0117647,0.105882,0.0705882,0,0.105882,0.0470588,0.0235294,0.0352941,0.0470588,0.0117647,0.0352941,0.0352941,0,0,0.270588,0.0588235,0.258824,0.235294,0.0470588,0.2,0.0235294,0,0.141176,0.117647,0.141176,0.0823529,0.0470588
0.0235294,0.0352941,0.0117647,0.0470588,0.0352941,0.0352941,0.0470588,0.0705882,0.0941176,0.105882,0.129412,0.0941176,0.0235294,0,0.0235294,0.0705882,0.0117647,0,0.0117647,0.0941176,0.141176,0.105882,0,0,0.117647,0.152941,0.0588235,0.0470588,0.0823529,0.211765,0.176471,0.141176,0.0588235,0.0941176,0.105882,0.0588235,0.0117647,0.105882,0.0705882,0,0.105882,0.0470588,0.0235294,0.0352941,0.0470588,0.0117647,0.0352941,0.0352941,0,0,0.270588,0.0588235,0.258824,0.235294,0.0470588,0.2,0.0235294,0,0.141176,0.117647,0.141176,0.0823529,0.0470588,0.0352941
0.0352941,0.0117647,0.0470588,0.0352941,0.0352941,0.0470588,0.0705882,0.0941176,0.105882,0.129412,0.0941176,0.0235294,0,0.0235294,0.0705882,0.0117647,0,0.0117647,0.0941176,0.141176,0.105882,0,0,0.117647,0.152941,0.0588235,0.0470588,0.0823529,0.211765,0.176471,0.141176,0.0588235,0.0941176,0.105882,0.0588235,0.0117647,0.105882,0.0705882,0,0.105882,0.0470588,0.0235294,0.0352941,0.0470588,0.0117647,0.0352941,0.0352941,0,0,0.270588,0.0588235,0.258824,0.235294,0.0470588,0.2,0.0235294,0,0.141176,0.117647,0.141176,0.0823529,0.0470588,0.0352941,0.0823529
0.0117647,0.0470588,0.0352941,0.0352941,0.0470588,0.0705882,0.0941176,0.105882,0.129412,0.0941176,0.0235294,0,0.0235294,0.0705882,0.0117647,0,0.0117647,0.0941176,0.141176,0.105882,0,0,0.117647,0.152941,0.0588235,0.0470588,0.0823529,0.211765,0.176471,0.141176,0.0588235,0.0941176,0.105882,0.0588235,0.0117647,0.105882,0.0705882,0,0.105882,0.0470588,0.0235294,0.0352941,0.0470588,0.0117647,0.0352941,0.0352941,0,0,0.270588,0.0588235,0.258824,0.235294,0.0470588,0.2,0.0235294,0,0.141176,0.117647,0.141176,0.0823529,0.0470588,0.0352941,0.0823529,0.282353
0.0470588,0.0352941,0.0352941,0.0470588,0.0705882,0.0941176,0.105882,0.129412,0.0941176,0.0235294,0,0.0235294,0.0705882,0.0117647,0,0.0117647,0.0941176,0.141176,0.105882,0,0,0.117647,0.152941,0.0588235,0.0470588,0.0823529,0.211765,0.176471,0.141176,0.0588235,0.0941176,0.105882,0.0588235,0.0117647,0.105882,0.0705882,0,0.105882,0.0470588,0.0235294,0.0352941,0.0470588,0.0117647,0.0352941,0.0352941,0,0,0.270588,0.0588235,0.258824,0.235294,0.0470588,0.2,0.0235294,0,0.141176,0.117647,0.141176,0.0823529,0.0470588,0.0352941,0.0823529,0.282353,0.152941
0.0352941,0.0352941,0.0470588,0.0705882,0.0941176,0.105882,0.129412,0.0941176,0.0235294,0,0.0235294,0.0705882,0.0117647,0,0.0117647,0.0941176,0.141176,0.105882,0,0,0.117647,0.152941,0.0588235,0.0470588,0.0823529,0.211765,0.176471,0.141176,0.0588235,0.0941176,0.105882,0.0588235,0.0117647,0.105882,0.0705882,0,0.105882,0.0470588,0.0235294,0.0352941,0.0470588,0.0117647,0.0352941,0.0352941,0,0,0.270588,0.0588235,0.258824,0.235294,0.0470588,0.2,0.0235294,0,0.141176,0.117647,0.141176,0.0823529,0.0470588,0.0352941,0.0823529,0.282353,0.152941,0.2
0.0352941,0.0470588,0.0705882,0.0941176,0.105882,0.129412,0.0941176,0.0235294,0,0.0235294,0.0705882,0.0117647,0,0.0117647,0.0941176,0.141176,0.105882,0,0,0.117647,0.152941,0.0588235,0.0470588,0.0823529,0.211765,0.176471,0.141176,0.0588235,0.0941176,0.105882,0.0588235,0.0117647,0.105882,0.0705882,0,0.105882,0.0470588,0.0235294,0.0352941,0.0470588,0.0117647,0.0352941,0.0352941,0,0,0.270588,0.0588235,0.258824,0.235294,0.0470588,0.2,0.0235294,0,0.141176,0.117647,0.141176,0.0823529,0.0470588,0.0352941,0.0823529,0.282353,0.152941,0.2,0.223529
0.0470588,0.0705882,0.0941176,0.105882,0.129412,0.0941176,0.0235294,0,0.0235294,0.0705882,0.0117647,0,0.0117647,0.0941176,0.141176,0.105882,0,0,0.117647,0.152941,0.0588235,0.0470588,0.0823529,0.211765,0.176471,0.141176,0.0588235,0.0941176,0.105882,0.0588235,0.0117647,0.105882,0.0705882,0,0.105882,0.0470588,0.0235294,0.0352941,0.0470588,0.0117647,0.0352941,0.0352941,0,0,0.270588,0.0588235,0.258824,0.235294,0.0470588,0.2,0.0235294,0,0.141176,0.117647,0.141176,0.0823529,0.0470588,0.0352941,0.0823529,0.282353,0.152941,0.2,0.223529,0.152941
0.0705882,0.0941176,0.105882,0.129412,0.0941176,0.0235294,0,0.0235294,0.0705882,0.0117647,0,0.0117647,0.0941176,0.141176,0.105882,0,0,0.117647,0.152941,0.0588235,0.0470588,0.0823529,0.211765,0.176471,0.141176,0.0588235,0.0941176,0.105882,0.0588235,0.0117647,0.105882,0.0705882,0,0.105882,0.0470588,0.0235294,0.0352941,0.0470588,0.0117647,0.0352941,0.0352941,0,0,0.270588,0.0588235,0.258824,0.235294,0.0470588,0.2,0.0235294,0,0.141176,0.117647,0.141176,0.0823529,0.0470588,0.0352941,0.0823529,0.282353,0.152941,0.2,0.223529,0.152941,0.0235294
0.0941176,0.105882,0.129412,0.0941176,0.0235294,0,0.0235294,0.0705882,0.0117647,0,0.0117647,0.0941176,0.141176,0.105882,0,0,0.117647,0.152941,0.0588235,0.0470588,0.0823529,0.211765,0.176471,0.141176,0.0588235,0.0941176,0.105882,0.0588235,0.0117647,0.105882,0.0705882,0,0.105882,0.0470588,0.0235294,0.0352941,0.0470588,0.0117647,0.0352941,0.0352941,0,0,0.270588,0.0588235,0.258824,0.235294,0.0470588,0.2,0.0235294,0,0.141176,0.117647,0.141176,0.0823529,0.0470588,0.0352941,0.0823529,0.282353,0.152941,0.2,0.223529,0.152941,0.0235294,0.0941176
0.105882,0.129412,0.0941176,0.0235294,0,0.0235294,0.0705882,0.0117647,0,0.0117647,0.0941176,0.141176,0.105882,0,0,0.117647,0.152941,0.0588235,0.0470588,0.0823529,0.211765,0.176471,0.141176,0.0588235,0.0941176,0.105882,0.0588235,0.0117647,0.105882,0.0705882,0,0.105882,0.0470588,0.0235294,0.0352941,0.0470588,0.0117647,0.0352941,0.0352941,0,0,0.270588,0.0588235,0.258824,0.235294,0.0470588,0.2,0.0235294,0,0.141176,0.117647,0.141176,0.0823529,0.0470588,0.0352941,0.0823529,0.282353,0.152941,0.2,0.223529,0.152941,0.0235294,0.0941176,0.0470588
0.129412,0.0941176,0.0235294,0,0.0235294,0.0705882,0.0117647,0,0.0117647,0.0941176,0.141176,0.105882,0,0,0.117647,0.152941,0.0588235,0.0470588,0.0823529,0.211765,0.176471,0.141176,0.0588235,0.0941176,0.105882,0.0588235,0.0117647,0.105882,0.0705882,0,0.105882,0.0470588,0.0235294,0.0352941,0.0470588,0.0117647,0.0352941,0.0352941,0,0,0.270588,0.0588235,0.258824,0.235294,0.0470588,0.2,0.0235294,0,0.141176,0.117647,0.141176,0.0823529,0.0470588,0.0352941,0.0823529,0.282353,0.152941,0.2,0.223529,0.152941,0.0235294,0.0941176,0.0470588,0.0352941
0.0941176,0.0235294,0,0.0235294,0.0705882,0.0117647,0,0.0117647,0.0941176,0.141176,0.105882,0,0,0.117647,0.152941,0.0588235,0.0470588,0.0823529,0.211765,0.176471,0.141176,0.0588235,0.0941176,0.105882,0.0588235,0.0117647,0.105882,0.0705882,0,0.105882,0.0470588,0.0235294,0.0352941,0.0470588,0.0117647,0.0352941,0.0352941,0,0,0.270588,0.0588235,0.258824,0.235294,0.0470588,0.2,0.0235294,0,0.141176,0.117647,0.141176,0.0823529,0.0470588,0.0352941,0.0823529,0.282353,0.152941,0.2,0.223529,0.152941,0.0235294,0.0941176,0.0470588,0.0352941,0.0117647
0.0235294,0,0.0235294,0.0705882,0.0117647,0,0.0117647,0.0941176,0.141176,0.105882,0,0,0.117647,0.152941,0.0588235,0.0470588,0.0823529,0.211765,0.176471,0.141176,0.0588235,0.0941176,0.105882,0.0588235,0.0117647,0.105882,0.0705882,0,0.105882,0.0470588,0.0235294,0.0352941,0.0470588,0.0117647,0.0352941,0.0352941,0,0,0.270588,0.0588235,0.258824,0.235294,0.0470588,0.2,0.0235294,0,0.141176,0.117647,0.141176,0.0823529,0.0470588,0.0352941,0.0823529,0.282353,0.152941,0.2,0.223529,0.152941,0.0235294,0.0941176,0.0470588,0.0352941,0.0117647,0.0352941
0,0.0235294,0.0705882,0.0117647,0,0.0117647,0.0941176,0.141176,0.105882,0,0,0.117647,0.152941,0.0588235,0.0470588,0.0823529,0.211765,0.176471,0.141176,0.0588235,0.0941176,0.105882,0.0588235,0.0117647,0.105882,0.0705882,0,0.105882,0.0470588,0.0235294,0.0352941,0.0470588,0.0117647,0.0352941,0.0352941,0,0,0.270588,0.0588235,0.258824,0.235294,0.0470588,0.2,0.0235294,0,0.141176,0.117647,0.141176,0.0823529,0.0470588,0.0352941,0.0823529,0.282353,0.152941,0.2,0.223529,0.152941,0.0235294,0.0941176,0.0470588,0.0352941,0.0117647,0.0352941,0.0588235
0.0235294,0.0705882,0.0117647,0,0.0117647,0.0941176,0.141176,0.105882,0,0,0.117647,0.152941,0.0588235,0.0470588,0.0823529,0.211765,0.176471,0.141176,0.0588235,0.0941176,0.105882,0.0588235,0.0117647,0.105882,0.0705882,0,0.105882,0.0470588,0.0235294,0.0352941,0.0470588,0.0117647,0.0352941,0.0352941,0,0,0.270588,0.0588235,0.258824,0.235294,0.0470588,0.2,0.0235294,0,0.141176,0.117647,0.141176,0.0823529,0.0470588,0.0352941,0.0823529,0.282353,0.152941,0.2,0.223529,0.152941,0.0235294,0.0941176,0.0470588,0.0352941,0.0117647,0.0352941,0.0588235,0.0117647
0.0705882,0.0117647,0,0.0117647,0.0941176,0.141176,0.105882,0,0,0.117647,0.152941,0.0588235,0.0470588,0.0823529,0.211765,0.176471,0.141176,0.0588235,0.0941176,0.105882,0.0588235,0.0117647,0.105882,0.0705882,0,0.105882,0.0470588,0.0235294,0.0352941,0.0470588,0.0117647,0.0352941,0.0352941,0,0,0.270588,0.0588235,0.258824,0.235294,0.0470588,0.2,0.0235294,0,0.141176,0.117647,0.141176,0.0823529,0.0470588,0.0352941,0.0823529,0.282353,0.152941,0.2,0.223529,0.152941,0.0235294,0.0941176,0.0470588,0.0352941,0.0117647,0.0352941,0.0588235,0.0117647,0.0235294
0.0117647,0,0.0117647,0.0941176,0.141176,0.105882,0,0,0.117647,0.152941,0.0588235,0.0470588,0.0823529,0.211765,0.176471,0.141176,0.0588235,0.0941176,0.105882,0.0588235,0.0117647,0.105882,0.0705882,0,0.105882,0.0470588,0.0235294,0.0352941,0.0470588,0.0117647,0.0352941,0.0352941,0,0,0.270588,0.0588235,0.258824,0.235294,0.0470588,0.2,0.0235294,0,0.141176,0.117647,0.141176,0.0823529,0.0470588,0.0352941,0.0823529,0.282353,0.152941,0.2,0.223529,0.152941,0.0235294,0.0941176,0.0470588,0.0352941,0.0117647,0.0352941,0.0588235,0.0117647,0.0235294,0.0117647
0,0.0117647,0.0941176,0.141176,0.105882,0,0,0.117647,0.152941,0.0588235,0.0470588,0.0823529,0.211765,0.176471,0.141176,0.0588235,0.0941176,0.105882,0.0588235,0.0117647,0.105882,0.0705882,0,0.105882,0.0470588,0.0235294,0.0352941,0.0470588,0.0117647,0.0352941,0.0352941,0,0,0.270588,0.0588235,0.258824,0.235294,0.0470588,0.2,0.0235294,0,0.141176,0.117647,0.141176,0.0823529,0.0470588,0.0352941,0.0823529,0.282353,0.152941,0.2,0.223529,0.152941,0.0235294,0.0941176,0.0470588,0.0352941,0.0117647,0.0352941,0.0588235,0.0117647,0.0235294,0.0117647,0.0235294
0.0117647,0.0941176,0.141176,0.105882,0,0,0.117647,0.152941,0.0588235,0.0470588,0.0823529,0.211765,0.176471,0.141176,0.0588235,0.0941176,0.105882,0.0588235,0.0117647,0.105882,0.0705882,0,0.105882,0.0470588,0.0235294,0.0352941,0.0470588,0.0117647,0.0352941,0.0352941,0,0,0.270588,0.0588235,0.258824,0.235294,0.0470588,0.2,0.0235294,0,0.141176,0.117647,0.141176,0.0823529,0.0470588,0.0352941,0.0823529,0.282353,0.152941,0.2,0.223529,0.152941,0.0235294,0.0941176,0.0470588,0.0352941,0.0117647,0.0352941,0.0588235,0.0117647,0.0235294,0.0117647,0.0235294,0.0588235
0.0941176,0.141176,0.105882,0,0,0.117647,0.152941,0.0588235,0.0470588,0.0823529,0.211765,0.176471,0.141176,0.0588235,0.0941176,0.105882,0.0588235,0.0117647,0.105882,0.0705882,0,0.105882,0.0470588,0.0235294,0.0352941,0.0470588,0.0117647,0.0352941,0.0352941,0,0,0.270588,0.0588235,0.258824,0.235294,0.0470588,0.2,0.0235294,0,0.141176,0.117647,0.141176,0.0823529,0.0470588,0.0352941,0.0823529,0.282353,0.152941,0.2,0.223529,0.152941,0.0235294,0.0941176,0.0470588,0.0352941,0.0117647,0.0352941,0.0588235,0.0117647,0.0235294,0.0117647,0.0235294,0.0588235,0.105882
0.141176,0.105882,0,0,0.117647,0.152941,0.0588235,0.0470588,0.0823529,0.211765,0.176471,0.141176,0.0588235,0.0941176,0.105882,0.0588235,0.0117647,0.105882,0.0705882,0,0.105882,0.0470588,0.0235294,0.0352941,0.0470588,0.0117647,0.0352941,0.0352941,0,0,0.270588,0.0588235,0.258824,0.235294,0.0470588,0.2,0.0235294,0,0.141176,0.117647,0.141176,0.0823529,0.0470588,0.0352941,0.0823529,0.282353,0.152941,0.2,0.223529,0.152941,0.0235294,0.0941176,0.0470588,0.0352941,0.0117647,0.0352941,0.0588235,0.0117647,0.0235294,0.0117647,0.0235294,0.0588235,0.105882,0.0823529
0.105882,0,0,0.117647,0.152941,0.0588235,0.0470588,0.0823529,0.211765,0.176471,0.141176,0.0588235,0.0941176,0.105882,0.0588235,0.0117647,0.105882,0.0705882,0,0.105882,0.0470588,0.0235294,0.0352941,0.0470588,0.0117647,0.0352941,0.0352941,0,0,0.270588,0.0588235,0.258824,0.235294,0.0470588,0.2,0.0235294,0,0.141176,0.117647,0.141176,0.0823529,0.0470588,0.0352941,0.0823529,0.282353,0.152941,0.2,0.223529,0.152941,0.0235294,0.0941176,0.0470588,0.0352941,0.0117647,0.0352941,0.0588235,0.0117647,0.0235294,0.0117647,0.0235294,0.0588235,0.105882,0.0823529,0.0117647
0,0,0.117647,0.152941,0.0588235,0.0470588,0.0823529,0.211765,0.176471,0.141176,0.0588235,0.0941176,0.105882,0.0588235,0.0117647,0.105882,0.0705882,0,0.105882,0.0470588,0.0235294,0.0352941,0.0470588,0.0117647,0.0352941,0.0352941,0,0,0.270588,0.0588235,0.258824,0.235294,0.0470588,0.2,0.0235294,0,0.141176,0.117647,0.141176,0.0823529,0.0470588,0.0352941,0.0823529,0.282353,0.152941,0.2,0.223529,0.152941,0.0235294,0.0941176,0.0470588,0.0352941,0.0117647,0.0352941,0.0588235,0.0117647,0.0235294,0.0117647,0.0235294,0.0588235,0.105882,0.0823529,0.0117647,0.0941176
0,0.117647,0.152941,0.0588235,0.0470588,0.0823529,0.211765,0.176471,0.141176,0.0588235,0.0941176,0.105882,0.0588235,0.0117647,0.105882,0.0705882,0,0.105882,0.0470588,0.0235294,0.0352941,0.0470588,0.0117647,0.0352941,0.0352941,0,0,0.270588,0.0588235,0.258824,0.235294,0.0470588,0.2,0.0235294,0,0.141176,0.117647,0.141176,0.0823529,0.0470588,0.0352941,0.0823529,0.282353,0.152941,0.2,0.223529,0.152941,0.0235294,0.0941176,0.0470588,0.0352941,0.0117647,0.0352941,0.0588235,0.0117647,0.0235294,0.0117647,0.0235294,0.0588235,0.105882,0.0823529,0.0117647,0.0941176,0.176471
0.117647,0.152941,0.0588235,0.0470588,0.0823529,0.211765,0.176471,0.141176,0.0588235,0.0941176,0.105882,0.0588235,0.0117647,0.105882,0.0705882,0,0.105882,0.0470588,0.0235294,0.0352941,0.0470588,0.0117647,0.0352941,0.0352941,0,0,0.270588,0.0588235,0.258824,0.235294,0.0470588,0.2,0.0235294,0,0.141176,0.117647,0.141176,0.0823529,0.0470588,0.0352941,0.0823529,0.282353,0.152941,0.2,0.223529,0.152941,0.0235294,0.0941176,0.0470588,0.0352941,0.0117647,0.0352941,0.0588235,0.0117647,0.0235294,0.0117647,0.0235294,0.0588235,0.105882,0.0823529,0.0117647,0.0941176,0.176471,0.141176
0.152941,0.0588235,0.0470588,0.0823529,0.211765,0.176471,0.141176,0.0588235,0.0941176,0.105882,0.0588235,0.0117647,0.105882,0.0705882,0,0.105882,0.0470588,0.0235294,0.0352941,0.0470588,0.0117647,0.0352941,0.0352941,0,0,0.270588,0.0588235,0.258824,0.235294,0.0470588,0.2,0.0235294,0,0.141176,0.117647,0.141176,0.0823529,0.0470588,0.0352941,0.0823529,0.282353,0.152941,0.2,0.223529,0.152941,0.0235294,0.0941176,0.0470588,0.0352941,0.0117647,0.0352941,0.0588235,0.0117647,0.0235294,0.0117647,0.0235294,0.0588235,0.105882,0.0823529,0.0117647,0.0941176,0.176471,0.141176,0.0470588
0.0588235,0.0470588,0.0823529,0.211765,0.176471,0.141176,0.0588235,0.0941176,0.105882,0.0588235,0.0117647,0.105882,0.0705882,0,0.105882,0.0470588,0.0235294,0.0352941,0.0470588,0.0117647,0.0352941,0.0352941,0,0,0.270588,0.0588235,0.258824,0.235294,0.0470588,0.2,0.0235294,0,0.141176,0.117647,0.141176,0.0823529,0.0470588,0.0352941,0.0823529,0.282353,0.152941,0.2,0.223529,0.152941,0.0235294,0.0941176,0.0470588,0.0352941,0.0117647,0.0352941,0.0588235,0.0117647,0.0235294,0.0117647,0.0235294,0.0588235,0.105882,0.0823529,0.0117647,0.0941176,0.176471,0.141176,0.0470588,0.0588235
0.0470588,0.0823529,0.211765,0.176471,0.141176,0.0588235,0.0941176,0.105882,0.0588235,0.0117647,0.105882,0.0705882,0,0.105882,0.0470588,0.0235294,0.0352941,0.0470588,0.0117647,0.0352941,0.0352941,0,0,0.270588,0.0588235,0.258824,0.235294,0.0470588,0.2,0.0235294,0,0.141176,0.117647,0.141176,0.0823529,0.0470588,0.0352941,0.0823529,0.282353,0.152941,0.2,0.223529,0.152941,0.0235294,0.0941176,0.0470588,0.0352941,0.0117647,0.0352941,0.0588235,0.0117647,0.0235294,0.0117647,0.0235294,0.0588235,0.105882,0.0823529,0.0117647,0.0941176,0.176471,0.141176,0.0470588,0.0588235,0.0588235
0.0823529,0.211765,0.176471,0.141176,0.0588235,0.0941176,0.105882,0.0588235,0.0117647,0.105882,0.0705882,0,0.105882,0.0470588,0.0235294,0.0352941,0.0470588,0.0117647,0.0352941,0.0352941,0,0,0.270588,0.0588235,0.258824,0.235294,0.0470588,0.2,0.0235294,0,0.141176,0.117647,0.141176,0.0823529,0.0470588,0.0352941,0.0823529,0.282353,0.152941,0.2,0.223529,0.152941,0.0235294,0.0941176,0.0470588,0.0352941,0.0117647,0.0352941,0.0588235,0.0117647,0.0235294,0.0117647,0.0235294,0.0588235,0.105882,0.0823529,0.0117647,0.0941176,0.176471,0.141176,0.0470588,0.0588235,0.0588235,0.0235294