0.0235294,0.0352941,0.0352941,0.0352941,0.0470588,0.0352941,0.0352941,0.0470588,0.0470588,0.0352941,0.0352941,0.0470588,0.0470588,0.0235294,0.0352941,0.0235294,0.0588235,0.0588235,0.0588235,0.0823529,0.0235294,0.0235294,0.0235294,0.0470588,0.0352941,0.0235294,0.0705882,0.0588235,0.0235294,0.0235294,0.0352941,0.0235294,0.0117647,0.0352941,0.0588235,0.0823529,0.0352941,0,0.0117647,0.0117647,0.0235294,0.0117647,0.0352941,0.0470588,0.0470588,0,0.0117647,0.0117647,0.0235294,0.0117647,0,0.0117647,0.0352941,0.0117647,0.0823529,0.0588235,0.0823529,0.0235294,0.0235294,0.0117647,0.0470588,0.105882,0.0588235,0
0.0352941,0.0352941,0.0352941,0.0470588,0.0352941,0.0352941,0.0470588,0.0470588,0.0352941,0.0352941,0.0470588,0.0470588,0.0235294,0.0352941,0.0235294,0.0588235,0.0588235,0.0588235,0.0823529,0.0235294,0.0235294,0.0235294,0.0470588,0.0352941,0.0235294,0.0705882,0.0588235,0.0235294,0.0235294,0.0352941,0.0235294,0.0117647,0.0352941,0.0588235,0.0823529,0.0352941,0,0.0117647,0.0117647,0.0235294,0.0117647,0.0352941,0.0470588,0.0470588,0,0.0117647,0.0117647,0.0235294,0.0117647,0,0.0117647,0.0352941,0.0117647,0.0823529,0.0588235,0.0823529,0.0235294,0.0235294,0.0117647,0.0470588,0.105882,0.0588235,0,0.0235294
0.0352941,0.0352941,0.0470588,0.0352941,0.0352941,0.0470588,0.0470588,0.0352941,0.0352941,0.0470588,0.0470588,0.0235294,0.0352941,0.0235294,0.0588235,0.0588235,0.0588235,0.0823529,0.0235294,0.0235294,0.0235294,0.0470588,0.0352941,0.0235294,0.0705882,0.0588235,0.0235294,0.0235294,0.0352941,0.0235294,0.0117647,0.0352941,0.0588235,0.0823529,0.0352941,0,0.0117647,0.0117647,0.0235294,0.0117647,0.0352941,0.0470588,0.0470588,0,0.0117647,0.0117647,0.0235294,0.0117647,0,0.0117647,0.0352941,0.0117647,0.0823529,0.0588235,0.0823529,0.0235294,0.0235294,0.0117647,0.0470588,0.105882,0.0588235,0,0.0235294,0.0235294
0.0352941,0.0470588,0.0352941,0.0352941,0.0470588,0.0470588,0.0352941,0.0352941,0.0470588,0.0470588,0.0235294,0.0352941,0.0235294,0.0588235,0.0588235,0.0588235,0.0823529,0.0235294,0.0235294,0.0235294,0.0470588,0.0352941,0.0235294,0.0705882,0.0588235,0.0235294,0.0235294,0.0352941,0.0235294,0.0117647,0.0352941,0.0588235,0.0823529,0.0352941,0,0.0117647,0.0117647,0.0235294,0.0117647,0.0352941,0.0470588,0.0470588,0,0.0117647,0.0117647,0.0235294,0.0117647,0,0.0117647,0.0352941,0.0117647,0.0823529,0.0588235,0.0823529,0.0235294,0.0235294,0.0117647,0.0470588,0.105882,0.0588235,0,0.0235294,0.0235294,0
0.0470588,0.0352941,0.0352941,0.0470588,0.0470588,0.0352941,0.0352941,0.0470588,0.0470588,0.0235294,0.0352941,0.0235294,0.0588235,0.0588235,0.0588235,0.0823529,0.0235294,0.0235294,0.0235294,0.0470588,0.0352941,0.0235294,0.0705882,0.0588235,0.0235294,0.0235294,0.0352941,0.0235294,0.0117647,0.0352941,0.0588235,0.0823529,0.0352941,0,0.0117647,0.0117647,0.0235294,0.0117647,0.0352941,0.0470588,0.0470588,0,0.0117647,0.0117647,0.0235294,0.0117647,0,0.0117647,0.0352941,0.0117647,0.0823529,0.0588235,0.0823529,0.0235294,0.0235294,0.0117647,0.0470588,0.105882,0.0588235,0,0.0235294,0.0235294,0,0
0.0352941,0.0352941,0.0470588,0.0470588,0.0352941,0.0352941,0.0470588,0.0470588,0.0235294,0.0352941,0.0235294,0.0588235,0.0588235,0.0588235,0.0823529,0.0235294,0.0235294,0.0235294,0.0470588,0.0352941,0.0235294,0.0705882,0.0588235,0.0235294,0.0235294,0.0352941,0.0235294,0.0117647,0.0352941,0.0588235,0.0823529,0.0352941,0,0.0117647,0.0117647,0.0235294,0.0117647,0.0352941,0.0470588,0.0470588,0,0.0117647,0.0117647,0.0235294,0.0117647,0,0.0117647,0.0352941,0.0117647,0.0823529,0.0588235,0.0823529,0.0235294,0.0235294,0.0117647,0.0470588,0.105882,0.0588235,0,0.0235294,0.0235294,0,0,0.0235294
0.0352941,0.0470588,0.0470588,0.0352941,0.0352941,0.0470588,0.0470588,0.0235294,0.0352941,0.0235294,0.0588235,0.0588235,0.0588235,0.0823529,0.0235294,0.0235294,0.0235294,0.0470588,0.0352941,0.0235294,0.0705882,0.0588235,0.0235294,0.0235294,0.0352941,0.0235294,0.0117647,0.0352941,0.0588235,0.0823529,0.0352941,0,0.0117647,0.0117647,0.0235294,0.0117647,0.0352941,0.0470588,0.0470588,0,0.0117647,0.0117647,0.0235294,0.0117647,0,0.0117647,0.0352941,0.0117647,0.0823529,0.0588235,0.0823529,0.0235294,0.0235294,0.0117647,0.0470588,0.105882,0.0588235,0,0.0235294,0.0235294,0,0,0.0235294,0.0823529
0.0470588,0.0470588,0.0352941,0.0352941,0.0470588,0.0470588,0.0235294,0.0352941,0.0235294,0.0588235,0.0588235,0.0588235,0.0823529,0.0235294,0.0235294,0.0235294,0.0470588,0.0352941,0.0235294,0.0705882,0.0588235,0.0235294,0.0235294,0.0352941,0.0235294,0.0117647,0.0352941,0.0588235,0.0823529,0.0352941,0,0.0117647,0.0117647,0.0235294,0.0117647,0.0352941,0.0470588,0.0470588,0,0.0117647,0.0117647,0.0235294,0.0117647,0,0.0117647,0.0352941,0.0117647,0.0823529,0.0588235,0.0823529,0.0235294,0.0235294,0.0117647,0.0470588,0.105882,0.0588235,0,0.0235294,0.0235294,0,0,0.0235294,0.0823529,0.341176
0.0470588,0.0352941,0.0352941,0.0470588,0.0470588,0.0235294,0.0352941,0.0235294,0.0588235,0.0588235,0.0588235,0.0823529,0.0235294,0.0235294,0.0235294,0.0470588,0.0352941,0.0235294,0.0705882,0.0588235,0.0235294,0.0235294,0.0352941,0.0235294,0.0117647,0.0352941,0.0588235,0.0823529,0.0352941,0,0.0117647,0.0117647,0.0235294,0.0117647,0.0352941,0.0470588,0.0470588,0,0.0117647,0.0117647,0.0235294,0.0117647,0,0.0117647,0.0352941,0.0117647,0.0823529,0.0588235,0.0823529,0.0235294,0.0235294,0.0117647,0.0470588,0.105882,0.0588235,0,0.0235294,0.0235294,0,0,0.0235294,0.0823529,0.341176,0.411765
0.0352941,0.0352941,0.0470588,0.0470588,0.0235294,0.0352941,0.0235294,0.0588235,0.0588235,0.0588235,0.0823529,0.0235294,0.0235294,0.0235294,0.0470588,0.0352941,0.0235294,0.0705882,0.0588235,0.0235294,0.0235294,0.0352941,0.0235294,0.0117647,0.0352941,0.0588235,0.0823529,0.0352941,0,0.0117647,0.0117647,0.0235294,0.0117647,0.0352941,0.0470588,0.0470588,0,0.0117647,0.0117647,0.0235294,0.0117647,0,0.0117647,0.0352941,0.0117647,0.0823529,0.0588235,0.0823529,0.0235294,0.0235294,0.0117647,0.0470588,0.105882,0.0588235,0,0.0235294,0.0235294,0,0,0.0235294,0.0823529,0.341176,0.411765,0.376471
0.0352941,0.0470588,0.0470588,0.0235294,0.0352941,0.0235294,0.0588235,0.0588235,0.0588235,0.0823529,0.0235294,0.0235294,0.0235294,0.0470588,0.0352941,0.0235294,0.0705882,0.0588235,0.0235294,0.0235294,0.0352941,0.0235294,0.0117647,0.0352941,0.0588235,0.0823529,0.0352941,0,0.0117647,0.0117647,0.0235294,0.0117647,0.0352941,0.0470588,0.0470588,0,0.0117647,0.0117647,0.0235294,0.0117647,0,0.0117647,0.0352941,0.0117647,0.0823529,0.0588235,0.0823529,0.0235294,0.0235294,0.0117647,0.0470588,0.105882,0.0588235,0,0.0235294,0.0235294,0,0,0.0235294,0.0823529,0.341176,0.411765,0.376471,0.117647
0.0470588,0.0470588,0.0235294,0.0352941,0.0235294,0.0588235,0.0588235,0.0588235,0.0823529,0.0235294,0.0235294,0.0235294,0.0470588,0.0352941,0.0235294,0.0705882,0.0588235,0.0235294,0.0235294,0.0352941,0.0235294,0.0117647,0.0352941,0.0588235,0.0823529,0.0352941,0,0.0117647,0.0117647,0.0235294,0.0117647,0.0352941,0.0470588,0.0470588,0,0.0117647,0.0117647,0.0235294,0.0117647,0,0.0117647,0.0352941,0.0117647,0.0823529,0.0588235,0.0823529,0.0235294,0.0235294,0.0117647,0.0470588,0.105882,0.0588235,0,0.0235294,0.0235294,0,0,0.0235294,0.0823529,0.341176,0.411765,0.376471,0.117647,0.0705882
0.0470588,0.0235294,0.0352941,0.0235294,0.0588235,0.0588235,0.0588235,0.0823529,0.0235294,0.0235294,0.0235294,0.0470588,0.0352941,0.0235294,0.0705882,0.0588235,0.0235294,0.0235294,0.0352941,0.0235294,0.0117647,0.0352941,0.0588235,0.0823529,0.0352941,0,0.0117647,0.0117647,0.0235294,0.0117647,0.0352941,0.0470588,0.0470588,0,0.0117647,0.0117647,0.0235294,0.0117647,0,0.0117647,0.0352941,0.0117647,0.0823529,0.0588235,0.0823529,0.0235294,0.0235294,0.0117647,0.0470588,0.105882,0.0588235,0,0.0235294,0.0235294,0,0,0.0235294,0.0823529,0.341176,0.411765,0.376471,0.117647,0.0705882,0.0470588
0.0235294,0.0352941,0.0235294,0.0588235,0.0588235,0.0588235,0.0823529,0.0235294,0.0235294,0.0235294,0.0470588,0.0352941,0.0235294,0.0705882,0.0588235,0.0235294,0.0235294,0.0352941,0.0235294,0.0117647,0.0352941,0.0588235,0.0823529,0.0352941,0,0.0117647,0.0117647,0.0235294,0.0117647,0.0352941,0.0470588,0.0470588,0,0.0117647,0.0117647,0.0235294,0.0117647,0,0.0117647,0.0352941,0.0117647,0.0823529,0.0588235,0.0823529,0.0235294,0.0235294,0.0117647,0.0470588,0.105882,0.0588235,0,0.0235294,0.0235294,0,0,0.0235294,0.0823529,0.341176,0.411765,0.376471,0.117647,0.0705882,0.0470588,0.0235294
0.0352941,0.0235294,0.0588235,0.0588235,0.0588235,0.0823529,0.0235294,0.0235294,0.0235294,0.0470588,0.0352941,0.0235294,0.0705882,0.0588235,0.0235294,0.0235294,0.0352941,0.0235294,0.0117647,0.0352941,0.0588235,0.0823529,0.0352941,0,0.0117647,0.0117647,0.0235294,0.0117647,0.0352941,0.0470588,0.0470588,0,0.0117647,0.0117647,0.0235294,0.0117647,0,0.0117647,0.0352941,0.0117647,0.0823529,0.0588235,0.0823529,0.0235294,0.0235294,0.0117647,0.0470588,0.105882,0.0588235,0,0.0235294,0.0235294,0,0,0.0235294,0.0823529,0.341176,0.411765,0.376471,0.117647,0.0705882,0.0470588,0.0235294,0.0352941
0.0235294,0.0588235,0.0588235,0.0588235,0.0823529,0.0235294,0.0235294,0.0235294,0.0470588,0.0352941,0.0235294,0.0705882,0.0588235,0.0235294,0.0235294,0.0352941,0.0235294,0.0117647,0.0352941,0.0588235,0.0823529,0.0352941,0,0.0117647,0.0117647,0.0235294,0.0117647,0.0352941,0.0470588,0.0470588,0,0.0117647,0.0117647,0.0235294,0.0117647,0,0.0117647,0.0352941,0.0117647,0.0823529,0.0588235,0.0823529,0.0235294,0.0235294,0.0117647,0.0470588,0.105882,0.0588235,0,0.0235294,0.0235294,0,0,0.0235294,0.0823529,0.341176,0.411765,0.376471,0.117647,0.0705882,0.0470588,0.0235294,0.0352941,0.0117647
0.0588235,0.0588235,0.0588235,0.0823529,0.0235294,0.0235294,0.0235294,0.0470588,0.0352941,0.0235294,0.0705882,0.0588235,0.0235294,0.0235294,0.0352941,0.0235294,0.0117647,0.0352941,0.0588235,0.0823529,0.0352941,0,0.0117647,0.0117647,0.0235294,0.0117647,0.0352941,0.0470588,0.0470588,0,0.0117647,0.0117647,0.0235294,0.0117647,0,0.0117647,0.0352941,0.0117647,0.0823529,0.0588235,0.0823529,0.0235294,0.0235294,0.0117647,0.0470588,0.105882,0.0588235,0,0.0235294,0.0235294,0,0,0.0235294,0.0823529,0.341176,0.411765,0.376471,0.117647,0.0705882,0.0470588,0.0235294,0.0352941,0.0117647,0.0470588
0.0588235,0.0588235,0.0823529,0.0235294,0.0235294,0.0235294,0.0470588,0.0352941,0.0235294,0.0705882,0.0588235,0.0235294,0.0235294,0.0352941,0.0235294,0.0117647,0.0352941,0.0588235,0.0823529,0.0352941,0,0.0117647,0.0117647,0.0235294,0.0117647,0.0352941,0.0470588,0.0470588,0,0.0117647,0.0117647,0.0235294,0.0117647,0,0.0117647,0.0352941,0.0117647,0.0823529,0.0588235,0.0823529,0.0235294,0.0235294,0.0117647,0.0470588,0.105882,0.0588235,0,0.0235294,0.0235294,0,0,0.0235294,0.0823529,0.341176,0.411765,0.376471,0.117647,0.0705882,0.0470588,0.0235294,0.0352941,0.0117647,0.0470588,0.0117647
0.0588235,0.0823529,0.0235294,0.0235294,0.0235294,0.0470588,0.0352941,0.0235294,0.0705882,0.0588235,0.0235294,0.0235294,0.0352941,0.0235294,0.0117647,0.0352941,0.0588235,0.0823529,0.0352941,0,0.0117647,0.0117647,0.0235294,0.0117647,0.0352941,0.0470588,0.0470588,0,0.0117647,0.0117647,0.0235294,0.0117647,0,0.0117647,0.0352941,0.0117647,0.0823529,0.0588235,0.0823529,0.0235294,0.0235294,0.0117647,0.0470588,0.105882,0.0588235,0,0.0235294,0.0235294,0,0,0.0235294,0.0823529,0.341176,0.411765,0.376471,0.117647,0.0705882,0.0470588,0.0235294,0.0352941,0.0117647,0.0470588,0.0117647,0.0117647
0.0823529,0.0235294,0.0235294,0.0235294,0.0470588,0.0352941,0.0235294,0.0705882,0.0588235,0.0235294,0.0235294,0.0352941,0.0235294,0.0117647,0.0352941,0.0588235,0.0823529,0.0352941,0,0.0117647,0.0117647,0.0235294,0.0117647,0.0352941,0.0470588,0.0470588,0,0.0117647,0.0117647,0.0235294,0.0117647,0,0.0117647,0.0352941,0.0117647,0.0823529,0.0588235,0.0823529,0.0235294,0.0235294,0.0117647,0.0470588,0.105882,0.0588235,0,0.0235294,0.0235294,0,0,0.0235294,0.0823529,0.341176,0.411765,0.376471,0.117647,0.0705882,0.0470588,0.0235294,0.0352941,0.0117647,0.0470588,0.0117647,0.0117647,0.0235294
0.0235294,0.0235294,0.0235294,0.0470588,0.0352941,0.0235294,0.0705882,0.0588235,0.0235294,0.0235294,0.0352941,0.0235294,0.0117647,0.0352941,0.0588235,0.0823529,0.0352941,0,0.0117647,0.0117647,0.0235294,0.0117647,0.0352941,0.0470588,0.0470588,0,0.0117647,0.0117647,0.0235294,0.0117647,0,0.0117647,0.0352941,0.0117647,0.0823529,0.0588235,0.0823529,0.0235294,0.0235294,0.0117647,0.0470588,0.105882,0.0588235,0,0.0235294,0.0235294,0,0,0.0235294,0.0823529,0.341176,0.411765,0.376471,0.117647,0.0705882,0.0470588,0.0235294,0.0352941,0.0117647,0.0470588,0.0117647,0.0117647,0.0235294,0.0352941
0.0235294,0.0235294,0.0470588,0.0352941,0.0235294,0.0705882,0.0588235,0.0235294,0.0235294,0.0352941,0.0235294,0.0117647,0.0352941,0.0588235,0.0823529,0.0352941,0,0.0117647,0.0117647,0.0235294,0.0117647,0.0352941,0.0470588,0.0470588,0,0.0117647,0.0117647,0.0235294,0.0117647,0,0.0117647,0.0352941,0.0117647,0.0823529,0.0588235,0.0823529,0.0235294,0.0235294,0.0117647,0.0470588,0.105882,0.0588235,0,0.0235294,0.0235294,0,0,0.0235294,0.0823529,0.341176,0.411765,0.376471,0.117647,0.0705882,0.0470588,0.0235294,0.0352941,0.0117647,0.0470588,0.0117647,0.0117647,0.0235294,0.0352941,0.0352941
0.0235294,0.0470588,0.0352941,0.0235294,0.0705882,0.0588235,0.0235294,0.0235294,0.0352941,0.0235294,0.0117647,0.0352941,0.0588235,0.0823529,0.0352941,0,0.0117647,0.0117647,0.0235294,0.0117647,0.0352941,0.0470588,0.0470588,0,0.0117647,0.0117647,0.0235294,0.0117647,0,0.0117647,0.0352941,0.0117647,0.0823529,0.0588235,0.0823529,0.0235294,0.0235294,0.0117647,0.0470588,0.105882,0.0588235,0,0.0235294,0.0235294,0,0,0.0235294,0.0823529,0.341176,0.411765,0.376471,0.117647,0.0705882,0.0470588,0.0235294,0.0352941,0.0117647,0.0470588,0.0117647,0.0117647,0.0235294,0.0352941,0.0352941,0.0235294
0.0470588,0.0352941,0.0235294,0.0705882,0.0588235,0.0235294,0.0235294,0.0352941,0.0235294,0.0117647,0.0352941,0.0588235,0.0823529,0.0352941,0,0.0117647,0.0117647,0.0235294,0.0117647,0.0352941,0.0470588,0.0470588,0,0.0117647,0.0117647,0.0235294,0.0117647,0,0.0117647,0.0352941,0.0117647,0.0823529,0.0588235,0.0823529,0.0235294,0.0235294,0.0117647,0.0470588,0.105882,0.0588235,0,0.0235294,0.0235294,0,0,0.0235294,0.0823529,0.341176,0.411765,0.376471,0.117647,0.0705882,0.0470588,0.0235294,0.0352941,0.0117647,0.0470588,0.0117647,0.0117647,0.0235294,0.0352941,0.0352941,0.0235294,0
0.0352941,0.0235294,0.0705882,0.0588235,0.0235294,0.0235294,0.0352941,0.0235294,0.0117647,0.0352941,0.0588235,0.0823529,0.0352941,0,0.0117647,0.0117647,0.0235294,0.0117647,0.0352941,0.0470588,0.0470588,0,0.0117647,0.0117647,0.0235294,0.0117647,0,0.0117647,0.0352941,0.0117647,0.0823529,0.0588235,0.0823529,0.0235294,0.0235294,0.0117647,0.0470588,0.105882,0.0588235,0,0.0235294,0.0235294,0,0,0.0235294,0.0823529,0.341176,0.411765,0.376471,0.117647,0.0705882,0.0470588,0.0235294,0.0352941,0.0117647,0.0470588,0.0117647,0.0117647,0.0235294,0.0352941,0.0352941,0.0235294,0,0.0117647
0.0235294,0.0705882,0.0588235,0.0235294,0.0235294,0.0352941,0.0235294,0.0117647,0.0352941,0.0588235,0.0823529,0.0352941,0,0.0117647,0.0117647,0.0235294,0.0117647,0.0352941,0.0470588,0.0470588,0,0.0117647,0.0117647,0.0235294,0.0117647,0,0.0117647,0.0352941,0.0117647,0.0823529,0.0588235,0.0823529,0.0235294,0.0235294,0.0117647,0.0470588,0.105882,0.0588235,0,0.0235294,0.0235294,0,0,0.0235294,0.0823529,0.341176,0.411765,0.376471,0.117647,0.0705882,0.0470588,0.0235294,0.0352941,0.0117647,0.0470588,0.0117647,0.0117647,0.0235294,0.0352941,0.0352941,0.0235294,0,0.0117647,0.0823529
0.0705882,0.0588235,0.0235294,0.0235294,0.0352941,0.0235294,0.0117647,0.0352941,0.0588235,0.0823529,0.0352941,0,0.0117647,0.0117647,0.0235294,0.0117647,0.0352941,0.0470588,0.0470588,0,0.0117647,0.0117647,0.0235294,0.0117647,0,0.0117647,0.0352941,0.0117647,0.0823529,0.0588235,0.0823529,0.0235294,0.0235294,0.0117647,0.0470588,0.105882,0.0588235,0,0.0235294,0.0235294,0,0,0.0235294,0.0823529,0.341176,0.411765,0.376471,0.117647,0.0705882,0.0470588,0.0235294,0.0352941,0.0117647,0.0470588,0.0117647,0.0117647,0.0235294,0.0352941,0.0352941,0.0235294,0,0.0117647,0.0823529,0.117647
0.0588235,0.0235294,0.0235294,0.0352941,0.0235294,0.0117647,0.0352941,0.0588235,0.0823529,0.0352941,0,0.0117647,0.0117647,0.0235294,0.0117647,0.0352941,0.0470588,0.0470588,0,0.0117647,0.0117647,0.0235294,0.0117647,0,0.0117647,0.0352941,0.0117647,0.0823529,0.0588235,0.0823529,0.0235294,0.0235294,0.0117647,0.0470588,0.105882,0.0588235,0,0.0235294,0.0235294,0,0,0.0235294,0.0823529,0.341176,0.411765,0.376471,0.117647,0.0705882,0.0470588,0.0235294,0.0352941,0.0117647,0.0470588,0.0117647,0.0117647,0.0235294,0.0352941,0.0352941,0.0235294,0,0.0117647,0.0823529,0.117647,0.0823529
0.0235294,0.0235294,0.0352941,0.0235294,0.0117647,0.0352941,0.0588235,0.0823529,0.0352941,0,0.0117647,0.0117647,0.0235294,0.0117647,0.0352941,0.0470588,0.0470588,0,0.0117647,0.0117647,0.0235294,0.0117647,0,0.0117647,0.0352941,0.0117647,0.0823529,0.0588235,0.0823529,0.0235294,0.0235294,0.0117647,0.0470588,0.105882,0.0588235,0,0.0235294,0.0235294,0,0,0.0235294,0.0823529,0.341176,0.411765,0.376471,0.117647,0.0705882,0.0470588,0.0235294,0.0352941,0.0117647,0.0470588,0.0117647,0.0117647,0.0235294,0.0352941,0.0352941,0.0235294,0,0.0117647,0.0823529,0.117647,0.0823529,0.0470588
0.0235294,0.0352941,0.0235294,0.0117647,0.0352941,0.0588235,0.0823529,0.0352941,0,0.0117647,0.0117647,0.0235294,0.0117647,0.0352941,0.0470588,0.0470588,0,0.0117647,0.0117647,0.0235294,0.0117647,0,0.0117647,0.0352941,0.0117647,0.0823529,0.0588235,0.0823529,0.0235294,0.0235294,0.0117647,0.0470588,0.105882,0.0588235,0,0.0235294,0.0235294,0,0,0.0235294,0.0823529,0.341176,0.411765,0.376471,0.117647,0.0705882,0.0470588,0.0235294,0.0352941,0.0117647,0.0470588,0.0117647,0.0117647,0.0235294,0.0352941,0.0352941,0.0235294,0,0.0117647,0.0823529,0.117647,0.0823529,0.0470588,0.0470588
0.0352941,0.0235294,0.0117647,0.0352941,0.0588235,0.0823529,0.0352941,0,0.0117647,0.0117647,0.0235294,0.0117647,0.0352941,0.0470588,0.0470588,0,0.0117647,0.0117647,0.0235294,0.0117647,0,0.0117647,0.0352941,0.0117647,0.0823529,0.0588235,0.0823529,0.0235294,0.0235294,0.0117647,0.0470588,0.105882,0.0588235,0,0.0235294,0.0235294,0,0,0.0235294,0.0823529,0.341176,0.411765,0.376471,0.117647,0.0705882,0.0470588,0.0235294,0.0352941,0.0117647,0.0470588,0.0117647,0.0117647,0.0235294,0.0352941,0.0352941,0.0235294,0,0.0117647,0.0823529,0.117647,0.0823529,0.0470588,0.0470588,0.0470588
0.0235294,0.0117647,0.0352941,0.0588235,0.0823529,0.0352941,0,0.0117647,0.0117647,0.0235294,0.0117647,0.0352941,0.0470588,0.0470588,0,0.0117647,0.0117647,0.0235294,0.0117647,0,0.0117647,0.0352941,0.0117647,0.0823529,0.0588235,0.0823529,0.0235294,0.0235294,0.0117647,0.0470588,0.105882,0.0588235,0,0.0235294,0.0235294,0,0,0.0235294,0.0823529,0.341176,0.411765,0.376471,0.117647,0.0705882,0.0470588,0.0235294,0.0352941,0.0117647,0.0470588,0.0117647,0.0117647,0.0235294,0.0352941,0.0352941,0.0235294,0,0.0117647,0.0823529,0.117647,0.0823529,0.0470588,0.0470588,0.0470588,0.0352941
0.0117647,0.0352941,0.0588235,0.0823529,0.0352941,0,0.0117647,0.0117647,0.0235294,0.0117647,0.0352941,0.0470588,0.0470588,0,0.0117647,0.0117647,0.0235294,0.0117647,0,0.0117647,0.0352941,0.0117647,0.0823529,0.0588235,0.0823529,0.0235294,0.0235294,0.0117647,0.0470588,0.105882,0.0588235,0,0.0235294,0.0235294,0,0,0.0235294,0.0823529,0.341176,0.411765,0.376471,0.117647,0.0705882,0.0470588,0.0235294,0.0352941,0.0117647,0.0470588,0.0117647,0.0117647,0.0235294,0.0352941,0.0352941,0.0235294,0,0.0117647,0.0823529,0.117647,0.0823529,0.0470588,0.0470588,0.0470588,0.0352941,0.0235294
0.0352941,0.0588235,0.0823529,0.0352941,0,0.0117647,0.0117647,0.0235294,0.0117647,0.0352941,0.0470588,0.0470588,0,0.0117647,0.0117647,0.0235294,0.0117647,0,0.0117647,0.0352941,0.0117647,0.0823529,0.0588235,0.0823529,0.0235294,0.0235294,0.0117647,0.0470588,0.105882,0.0588235,0,0.0235294,0.0235294,0,0,0.0235294,0.0823529,0.341176,0.411765,0.376471,0.117647,0.0705882,0.0470588,0.0235294,0.0352941,0.0117647,0.0470588,0.0117647,0.0117647,0.0235294,0.0352941,0.0352941,0.0235294,0,0.0117647,0.0823529,0.117647,0.0823529,0.0470588,0.0470588,0.0470588,0.0352941,0.0235294,0
0.0588235,0.0823529,0.0352941,0,0.0117647,0.0117647,0.0235294,0.0117647,0.0352941,0.0470588,0.0470588,0,0.0117647,0.0117647,0.0235294,0.0117647,0,0.0117647,0.0352941,0.0117647,0.0823529,0.0588235,0.0823529,0.0235294,0.0235294,0.0117647,0.0470588,0.105882,0.0588235,0,0.0235294,0.0235294,0,0,0.0235294,0.0823529,0.341176,0.411765,0.376471,0.117647,0.0705882,0.0470588,0.0235294,0.0352941,0.0117647,0.0470588,0.0117647,0.0117647,0.0235294,0.0352941,0.0352941,0.0235294,0,0.0117647,0.0823529,0.117647,0.0823529,0.0470588,0.0470588,0.0470588,0.0352941,0.0235294,0,0.0235294
0.0823529,0.0352941,0,0.0117647,0.0117647,0.0235294,0.0117647,0.0352941,0.0470588,0.0470588,0,0.0117647,0.0117647,0.0235294,0.0117647,0,0.0117647,0.0352941,0.0117647,0.0823529,0.0588235,0.0823529,0.0235294,0.0235294,0.0117647,0.0470588,0.105882,0.0588235,0,0.0235294,0.0235294,0,0,0.0235294,0.0823529,0.341176,0.411765,0.376471,0.117647,0.0705882,0.0470588,0.0235294,0.0352941,0.0117647,0.0470588,0.0117647,0.0117647,0.0235294,0.0352941,0.0352941,0.0235294,0,0.0117647,0.0823529,0.117647,0.0823529,0.0470588,0.0470588,0.0470588,0.0352941,0.0235294,0,0.0235294,0.0705882
0.0352941,0,0.0117647,0.0117647,0.0235294,0.0117647,0.0352941,0.0470588,0.0470588,0,0.0117647,0.0117647,0.0235294,0.0117647,0,0.0117647,0.0352941,0.0117647,0.0823529,0.0588235,0.0823529,0.0235294,0.0235294,0.0117647,0.0470588,0.105882,0.0588235,0,0.0235294,0.0235294,0,0,0.0235294,0.0823529,0.341176,0.411765,0.376471,0.117647,0.0705882,0.0470588,0.0235294,0.0352941,0.0117647,0.0470588,0.0117647,0.0117647,0.0235294,0.0352941,0.0352941,0.0235294,0,0.0117647,0.0823529,0.117647,0.0823529,0.0470588,0.0470588,0.0470588,0.0352941,0.0235294,0,0.0235294,0.0705882,0.0470588
0,0.0117647,0.0117647,0.0235294,0.0117647,0.0352941,0.0470588,0.0470588,0,0.0117647,0.0117647,0.0235294,0.0117647,0,0.0117647,0.0352941,0.0117647,0.0823529,0.0588235,0.0823529,0.0235294,0.0235294,0.0117647,0.0470588,0.105882,0.0588235,0,0.0235294,0.0235294,0,0,0.0235294,0.0823529,0.341176,0.411765,0.376471,0.117647,0.0705882,0.0470588,0.0235294,0.0352941,0.0117647,0.0470588,0.0117647,0.0117647,0.0235294,0.0352941,0.0352941,0.0235294,0,0.0117647,0.0823529,0.117647,0.0823529,0.0470588,0.0470588,0.0470588,0.0352941,0.0235294,0,0.0235294,0.0705882,0.0470588,0.0117647
0.0117647,0.0117647,0.0235294,0.0117647,0.0352941,0.0470588,0.0470588,0,0.0117647,0.0117647,0.0235294,0.0117647,0,0.0117647,0.0352941,0.0117647,0.0823529,0.0588235,0.0823529,0.0235294,0.0235294,0.0117647,0.0470588,0.105882,0.0588235,0,0.0235294,0.0235294,0,0,0.0235294,0.0823529,0.341176,0.411765,0.376471,0.117647,0.0705882,0.0470588,0.0235294,0.0352941,0.0117647,0.0470588,0.0117647,0.0117647,0.0235294,0.0352941,0.0352941,0.0235294,0,0.0117647,0.0823529,0.117647,0.0823529,0.0470588,0.0470588,0.0470588,0.0352941,0.0235294,0,0.0235294,0.0705882,0.0470588,0.0117647,0.0117647
0.0117647,0.0235294,0.0117647,0.0352941,0.0470588,0.0470588,0,0.0117647,0.0117647,0.0235294,0.0117647,0,0.0117647,0.0352941,0.0117647,0.0823529,0.0588235,0.0823529,0.0235294,0.0235294,0.0117647,0.0470588,0.105882,0.0588235,0,0.0235294,0.0235294,0,0,0.0235294,0.0823529,0.341176,0.411765,0.376471,0.117647,0.0705882,0.0470588,0.0235294,0.0352941,0.0117647,0.0470588,0.0117647,0.0117647,0.0235294,0.0352941,0.0352941,0.0235294,0,0.0117647,0.0823529,0.117647,0.0823529,0.0470588,0.0470588,0.0470588,0.0352941,0.0235294,0,0.0235294,0.0705882,0.0470588,0.0117647,0.0117647,0.0117647
0.0235294,0.0117647,0.0352941,0.0470588,0.0470588,0,0.0117647,0.0117647,0.0235294,0.0117647,0,0.0117647,0.0352941,0.0117647,0.0823529,0.0588235,0.0823529,0.0235294,0.0235294,0.0117647,0.0470588,0.105882,0.0588235,0,0.0235294,0.0235294,0,0,0.0235294,0.0823529,0.341176,0.411765,0.376471,0.117647,0.0705882,0.0470588,0.0235294,0.0352941,0.0117647,0.0470588,0.0117647,0.0117647,0.0235294,0.0352941,0.0352941,0.0235294,0,0.0117647,0.0823529,0.117647,0.0823529,0.0470588,0.0470588,0.0470588,0.0352941,0.0235294,0,0.0235294,0.0705882,0.0470588,0.0117647,0.0117647,0.0117647,0
0.0117647,0.0352941,0.0470588,0.0470588,0,0.0117647,0.0117647,0.0235294,0.0117647,0,0.0117647,0.0352941,0.0117647,0.0823529,0.0588235,0.0823529,0.0235294,0.0235294,0.0117647,0.0470588,0.105882,0.0588235,0,0.0235294,0.0235294,0,0,0.0235294,0.0823529,0.341176,0.411765,0.376471,0.117647,0.0705882,0.0470588,0.0235294,0.0352941,0.0117647,0.0470588,0.0117647,0.0117647,0.0235294,0.0352941,0.0352941,0.0235294,0,0.0117647,0.0823529,0.117647,0.0823529,0.0470588,0.0470588,0.0470588,0.0352941,0.0235294,0,0.0235294,0.0705882,0.0470588,0.0117647,0.0117647,0.0117647,0,0.0117647
0.0352941,0.0470588,0.0470588,0,0.0117647,0.0117647,0.0235294,0.0117647,0,0.0117647,0.0352941,0.0117647,0.0823529,0.0588235,0.0823529,0.0235294,0.0235294,0.0117647,0.0470588,0.105882,0.0588235,0,0.0235294,0.0235294,0,0,0.0235294,0.0823529,0.341176,0.411765,0.376471,0.117647,0.0705882,0.0470588,0.0235294,0.0352941,0.0117647,0.0470588,0.0117647,0.0117647,0.0235294,0.0352941,0.0352941,0.0235294,0,0.0117647,0.0823529,0.117647,0.0823529,0.0470588,0.0470588,0.0470588,0.0352941,0.0235294,0,0.0235294,0.0705882,0.0470588,0.0117647,0.0117647,0.0117647,0,0.0117647,0.0352941
0.0470588,0.0470588,0,0.0117647,0.0117647,0.0235294,0.0117647,0,0.0117647,0.0352941,0.0117647,0.0823529,0.0588235,0.0823529,0.0235294,0.0235294,0.0117647,0.0470588,0.105882,0.0588235,0,0.0235294,0.0235294,0,0,0.0235294,0.0823529,0.341176,0.411765,0.376471,0.117647,0.0705882,0.0470588,0.0235294,0.0352941,0.0117647,0.0470588,0.0117647,0.0117647,0.0235294,0.0352941,0.0352941,0.0235294,0,0.0117647,0.0823529,0.117647,0.0823529,0.0470588,0.0470588,0.0470588,0.0352941,0.0235294,0,0.0235294,0.0705882,0.0470588,0.0117647,0.0117647,0.0117647,0,0.0117647,0.0352941,0.0117647
0.0470588,0,0.0117647,0.0117647,0.0235294,0.0117647,0,0.0117647,0.0352941,0.0117647,0.0823529,0.0588235,0.0823529,0.0235294,0.0235294,0.0117647,0.0470588,0.105882,0.0588235,0,0.0235294,0.0235294,0,0,0.0235294,0.0823529,0.341176,0.411765,0.376471,0.117647,0.0705882,0.0470588,0.0235294,0.0352941,0.0117647,0.0470588,0.0117647,0.0117647,0.0235294,0.0352941,0.0352941,0.0235294,0,0.0117647,0.0823529,0.117647,0.0823529,0.0470588,0.0470588,0.0470588,0.0352941,0.0235294,0,0.0235294,0.0705882,0.0470588,0.0117647,0.0117647,0.0117647,0,0.0117647,0.0352941,0.0117647,0.0117647
0,0.0117647,0.0117647,0.0235294,0.0117647,0,0.0117647,0.0352941,0.0117647,0.0823529,0.0588235,0.0823529,0.0235294,0.0235294,0.0117647,0.0470588,0.105882,0.0588235,0,0.0235294,0.0235294,0,0,0.0235294,0.0823529,0.341176,0.411765,0.376471,0.117647,0.0705882,0.0470588,0.0235294,0.0352941,0.0117647,0.0470588,0.0117647,0.0117647,0.0235294,0.0352941,0.0352941,0.0235294,0,0.0117647,0.0823529,0.117647,0.0823529,0.0470588,0.0470588,0.0470588,0.0352941,0.0235294,0,0.0235294,0.0705882,0.0470588,0.0117647,0.0117647,0.0117647,0,0.0117647,0.0352941,0.0117647,0.0117647,0.0235294
0.0117647,0.0117647,0.0235294,0.0117647,0,0.0117647,0.0352941,0.0117647,0.0823529,0.0588235,0.0823529,0.0235294,0.0235294,0.0117647,0.0470588,0.105882,0.0588235,0,0.0235294,0.0235294,0,0,0.0235294,0.0823529,0.341176,0.411765,0.376471,0.117647,0.0705882,0.0470588,0.0235294,0.0352941,0.0117647,0.0470588,0.0117647,0.0117647,0.0235294,0.0352941,0.0352941,0.0235294,0,0.0117647,0.0823529,0.117647,0.0823529,0.0470588,0.0470588,0.0470588,0.0352941,0.0235294,0,0.0235294,0.0705882,0.0470588,0.0117647,0.0117647,0.0117647,0,0.0117647,0.0352941,0.0117647,0.0117647,0.0235294,0.0352941
0.0117647,0.0235294,0.0117647,0,0.0117647,0.0352941,0.0117647,0.0823529,0.0588235,0.0823529,0.0235294,0.0235294,0.0117647,0.0470588,0.105882,0.0588235,0,0.0235294,0.0235294,0,0,0.0235294,0.0823529,0.341176,0.411765,0.376471,0.117647,0.0705882,0.0470588,0.0235294,0.0352941,0.0117647,0.0470588,0.0117647,0.0117647,0.0235294,0.0352941,0.0352941,0.0235294,0,0.0117647,0.0823529,0.117647,0.0823529,0.0470588,0.0470588,0.0470588,0.0352941,0.0235294,0,0.0235294,0.0705882,0.0470588,0.0117647,0.0117647,0.0117647,0,0.0117647,0.0352941,0.0117647,0.0117647,0.0235294,0.0352941,0
0.0235294,0.0117647,0,0.0117647,0.0352941,0.0117647,0.0823529,0.0588235,0.0823529,0.0235294,0.0235294,0.0117647,0.0470588,0.105882,0.0588235,0,0.0235294,0.0235294,0,0,0.0235294,0.0823529,0.341176,0.411765,0.376471,0.117647,0.0705882,0.0470588,0.0235294,0.0352941,0.0117647,0.0470588,0.0117647,0.0117647,0.0235294,0.0352941,0.0352941,0.0235294,0,0.0117647,0.0823529,0.117647,0.0823529,0.0470588,0.0470588,0.0470588,0.0352941,0.0235294,0,0.0235294,0.0705882,0.0470588,0.0117647,0.0117647,0.0117647,0,0.0117647,0.0352941,0.0117647,0.0117647,0.0235294,0.0352941,0,0
0.0117647,0,0.0117647,0.0352941,0.0117647,0.0823529,0.0588235,0.0823529,0.0235294,0.0235294,0.0117647,0.0470588,0.105882,0.0588235,0,0.0235294,0.0235294,0,0,0.0235294,0.0823529,0.341176,0.411765,0.376471,0.117647,0.0705882,0.0470588,0.0235294,0.0352941,0.0117647,0.0470588,0.0117647,0.0117647,0.0235294,0.0352941,0.0352941,0.0235294,0,0.0117647,0.0823529,0.117647,0.0823529,0.0470588,0.0470588,0.0470588,0.0352941,0.0235294,0,0.0235294,0.0705882,0.0470588,0.0117647,0.0117647,0.0117647,0,0.0117647,0.0352941,0.0117647,0.0117647,0.0235294,0.0352941,0,0,0.0117647
0,0.0117647,0.0352941,0.0117647,0.0823529,0.0588235,0.0823529,0.0235294,0.0235294,0.0117647,0.0470588,0.105882,0.0588235,0,0.0235294,0.0235294,0,0,0.0235294,0.0823529,0.341176,0.411765,0.376471,0.117647,0.0705882,0.0470588,0.0235294,0.0352941,0.0117647,0.0470588,0.0117647,0.0117647,0.0235294,0.0352941,0.0352941,0.0235294,0,0.0117647,0.0823529,0.117647,0.0823529,0.0470588,0.0470588,0.0470588,0.0352941,0.0235294,0,0.0235294,0.0705882,0.0470588,0.0117647,0.0117647,0.0117647,0,0.0117647,0.0352941,0.0117647,0.0117647,0.0235294,0.0352941,0,0,0.0117647,0
0.0117647,0.0352941,0.0117647,0.0823529,0.0588235,0.0823529,0.0235294,0.0235294,0.0117647,0.0470588,0.105882,0.0588235,0,0.0235294,0.0235294,0,0,0.0235294,0.0823529,0.341176,0.411765,0.376471,0.117647,0.0705882,0.0470588,0.0235294,0.0352941,0.0117647,0.0470588,0.0117647,0.0117647,0.0235294,0.0352941,0.0352941,0.0235294,0,0.0117647,0.0823529,0.117647,0.0823529,0.0470588,0.0470588,0.0470588,0.0352941,0.0235294,0,0.0235294,0.0705882,0.0470588,0.0117647,0.0117647,0.0117647,0,0.0117647,0.0352941,0.0117647,0.0117647,0.0235294,0.0352941,0,0,0.0117647,0,0.0117647
0.0352941,0.0117647,0.0823529,0.0588235,0.0823529,0.0235294,0.0235294,0.0117647,0.0470588,0.105882,0.0588235,0,0.0235294,0.0235294,0,0,0.0235294,0.0823529,0.341176,0.411765,0.376471,0.117647,0.0705882,0.0470588,0.0235294,0.0352941,0.0117647,0.0470588,0.0117647,0.0117647,0.0235294,0.0352941,0.0352941,0.0235294,0,0.0117647,0.0823529,0.117647,0.0823529,0.0470588,0.0470588,0.0470588,0.0352941,0.0235294,0,0.0235294,0.0705882,0.0470588,0.0117647,0.0117647,0.0117647,0,0.0117647,0.0352941,0.0117647,0.0117647,0.0235294,0.0352941,0,0,0.0117647,0,0.0117647,0.0235294
0.0117647,0.0823529,0.0588235,0.0823529,0.0235294,0.0235294,0.0117647,0.0470588,0.105882,0.0588235,0,0.0235294,0.0235294,0,0,0.0235294,0.0823529,0.341176,0.411765,0.376471,0.117647,0.0705882,0.0470588,0.0235294,0.0352941,0.0117647,0.0470588,0.0117647,0.0117647,0.0235294,0.0352941,0.0352941,0.0235294,0,0.0117647,0.0823529,0.117647,0.0823529,0.0470588,0.0470588,0.0470588,0.0352941,0.0235294,0,0.0235294,0.0705882,0.0470588,0.0117647,0.0117647,0.0117647,0,0.0117647,0.0352941,0.0117647,0.0117647,0.0235294,0.0352941,0,0,0.0117647,0,0.0117647,0.0235294,0.0235294
0.0823529,0.0588235,0.0823529,0.0235294,0.0235294,0.0117647,0.0470588,0.105882,0.0588235,0,0.0235294,0.0235294,0,0,0.0235294,0.0823529,0.341176,0.411765,0.376471,0.117647,0.0705882,0.0470588,0.0235294,0.0352941,0.0117647,0.0470588,0.0117647,0.0117647,0.0235294,0.0352941,0.0352941,0.0235294,0,0.0117647,0.0823529,0.117647,0.0823529,0.0470588,0.0470588,0.0470588,0.0352941,0.0235294,0,0.0235294,0.0705882,0.0470588,0.0117647,0.0117647,0.0117647,0,0.0117647,0.0352941,0.0117647,0.0117647,0.0235294,0.0352941,0,0,0.0117647,0,0.0117647,0.0235294,0.0235294,0.0117647
0.0588235,0.0823529,0.0235294,0.0235294,0.0117647,0.0470588,0.105882,0.0588235,0,0.0235294,0.0235294,0,0,0.0235294,0.0823529,0.341176,0.411765,0.376471,0.117647,0.0705882,0.0470588,0.0235294,0.0352941,0.0117647,0.0470588,0.0117647,0.0117647,0.0235294,0.0352941,0.0352941,0.0235294,0,0.0117647,0.0823529,0.117647,0.0823529,0.0470588,0.0470588,0.0470588,0.0352941,0.0235294,0,0.0235294,0.0705882,0.0470588,0.0117647,0.0117647,0.0117647,0,0.0117647,0.0352941,0.0117647,0.0117647,0.0235294,0.0352941,0,0,0.0117647,0,0.0117647,0.0235294,0.0235294,0.0117647,0
0.0823529,0.0235294,0.0235294,0.0117647,0.0470588,0.105882,0.0588235,0,0.0235294,0.0235294,0,0,0.0235294,0.0823529,0.341176,0.411765,0.376471,0.117647,0.0705882,0.0470588,0.0235294,0.0352941,0.0117647,0.0470588,0.0117647,0.0117647,0.0235294,0.0352941,0.0352941,0.0235294,0,0.0117647,0.0823529,0.117647,0.0823529,0.0470588,0.0470588,0.0470588,0.0352941,0.0235294,0,0.0235294,0.0705882,0.0470588,0.0117647,0.0117647,0.0117647,0,0.0117647,0.0352941,0.0117647,0.0117647,0.0235294,0.0352941,0,0,0.0117647,0,0.0117647,0.0235294,0.0235294,0.0117647,0,0.0117647
0.0235294,0.0235294,0.0117647,0.0470588,0.105882,0.0588235,0,0.0235294,0.0235294,0,0,0.0235294,0.0823529,0.341176,0.411765,0.376471,0.117647,0.0705882,0.0470588,0.0235294,0.0352941,0.0117647,0.0470588,0.0117647,0.0117647,0.0235294,0.0352941,0.0352941,0.0235294,0,0.0117647,0.0823529,0.117647,0.0823529,0.0470588,0.0470588,0.0470588,0.0352941,0.0235294,0,0.0235294,0.0705882,0.0470588,0.0117647,0.0117647,0.0117647,0,0.0117647,0.0352941,0.0117647,0.0117647,0.0235294,0.0352941,0,0,0.0117647,0,0.0117647,0.0235294,0.0235294,0.0117647,0,0.0117647,0.0235294
0.0235294,0.0117647,0.0470588,0.105882,0.0588235,0,0.0235294,0.0235294,0,0,0.0235294,0.0823529,0.341176,0.411765,0.376471,0.117647,0.0705882,0.0470588,0.0235294,0.0352941,0.0117647,0.0470588,0.0117647,0.0117647,0.0235294,0.0352941,0.0352941,0.0235294,0,0.0117647,0.0823529,0.117647,0.0823529,0.0470588,0.0470588,0.0470588,0.0352941,0.0235294,0,0.0235294,0.0705882,0.0470588,0.0117647,0.0117647,0.0117647,0,0.0117647,0.0352941,0.0117647,0.0117647,0.0235294,0.0352941,0,0,0.0117647,0,0.0117647,0.0235294,0.0235294,0.0117647,0,0.0117647,0.0235294,0.0117647
0.0117647,0.0470588,0.105882,0.0588235,0,0.0235294,0.0235294,0,0,0.0235294,0.0823529,0.341176,0.411765,0.376471,0.117647,0.0705882,0.0470588,0.0235294,0.0352941,0.0117647,0.0470588,0.0117647,0.0117647,0.0235294,0.0352941,0.0352941,0.0235294,0,0.0117647,0.0823529,0.117647,0.0823529,0.0470588,0.0470588,0.0470588,0.0352941,0.0235294,0,0.0235294,0.0705882,0.0470588,0.0117647,0.0117647,0.0117647,0,0.0117647,0.0352941,0.0117647,0.0117647,0.0235294,0.0352941,0,0,0.0117647,0,0.0117647,0.0235294,0.0235294,0.0117647,0,0.0117647,0.0235294,0.0117647,0.0117647
0.0470588,0.105882,0.0588235,0,0.0235294,0.0235294,0,0,0.0235294,0.0823529,0.341176,0.411765,0.376471,0.117647,0.0705882,0.0470588,0.0235294,0.0352941,0.0117647,0.0470588,0.0117647,0.0117647,0.0235294,0.0352941,0.0352941,0.0235294,0,0.0117647,0.0823529,0.117647,0.0823529,0.0470588,0.0470588,0.0470588,0.0352941,0.0235294,0,0.0235294,0.0705882,0.0470588,0.0117647,0.0117647,0.0117647,0,0.0117647,0.0352941,0.0117647,0.0117647,0.0235294,0.0352941,0,0,0.0117647,0,0.0117647,0.0235294,0.0235294,0.0117647,0,0.0117647,0.0235294,0.0117647,0.0117647,0
0.105882,0.0588235,0,0.0235294,0.0235294,0,0,0.0235294,0.0823529,0.341176,0.411765,0.376471,0.117647,0.0705882,0.0470588,0.0235294,0.0352941,0.0117647,0.0470588,0.0117647,0.0117647,0.0235294,0.0352941,0.0352941,0.0235294,0,0.0117647,0.0823529,0.117647,0.0823529,0.0470588,0.0470588,0.0470588,0.0352941,0.0235294,0,0.0235294,0.0705882,0.0470588,0.0117647,0.0117647,0.0117647,0,0.0117647,0.0352941,0.0117647,0.0117647,0.0235294,0.0352941,0,0,0.0117647,0,0.0117647,0.0235294,0.0235294,0.0117647,0,0.0117647,0.0235294,0.0117647,0.0117647,0,0
0.0588235,0,0.0235294,0.0235294,0,0,0.0235294,0.0823529,0.341176,0.411765,0.376471,0.117647,0.0705882,0.0470588,0.0235294,0.0352941,0.0117647,0.0470588,0.0117647,0.0117647,0.0235294,0.0352941,0.0352941,0.0235294,0,0.0117647,0.0823529,0.117647,0.0823529,0.0470588,0.0470588,0.0470588,0.0352941,0.0235294,0,0.0235294,0.0705882,0.0470588,0.0117647,0.0117647,0.0117647,0,0.0117647,0.0352941,0.0117647,0.0117647,0.0235294,0.0352941,0,0,0.0117647,0,0.0117647,0.0235294,0.0235294,0.0117647,0,0.0117647,0.0235294,0.0117647,0.0117647,0,0,0.0235294
0,0.0235294,0.0235294,0,0,0.0235294,0.0823529,0.341176,0.411765,0.376471,0.117647,0.0705882,0.0470588,0.0235294,0.0352941,0.0117647,0.0470588,0.0117647,0.0117647,0.0235294,0.0352941,0.0352941,0.0235294,0,0.0117647,0.0823529,0.117647,0.0823529,0.0470588,0.0470588,0.0470588,0.0352941,0.0235294,0,0.0235294,0.0705882,0.0470588,0.0117647,0.0117647,0.0117647,0,0.0117647,0.0352941,0.0117647,0.0117647,0.0235294,0.0352941,0,0,0.0117647,0,0.0117647,0.0235294,0.0235294,0.0117647,0,0.0117647,0.0235294,0.0117647,0.0117647,0,0,0.0235294,0.0352941